France
42
     0.3480000E+01     0.4981000E+02
     0.2546947E+01     0.5109281E+02
     0.2554190E+01     0.5108006E+02
     0.2554190E+01     0.5108006E+02
     0.2562225E+01     0.5106775E+02
     0.2574418E+01     0.5102285E+02
     0.2570873E+01     0.5101425E+02
     0.2577935E+01     0.5100077E+02
     0.2586647E+01     0.5099674E+02
     0.2608061E+01     0.5099249E+02
     0.2610502E+01     0.5098960E+02
     0.2609269E+01     0.5098338E+02
     0.2614596E+01     0.5097281E+02
     0.2616500E+01     0.5097109E+02
     0.2622894E+01     0.5096532E+02
     0.2629593E+01     0.5095160E+02
     0.2621228E+01     0.5094419E+02
     0.2619464E+01     0.5093978E+02
     0.2590207E+01     0.5091969E+02
     0.2595234E+01     0.5091621E+02
     0.2605774E+01     0.5091568E+02
     0.2608019E+01     0.5090706E+02
     0.2613318E+01     0.5090062E+02
     0.2610664E+01     0.5088632E+02
     0.2615071E+01     0.5088167E+02
     0.2610534E+01     0.5087601E+02
     0.2613540E+01     0.5086695E+02
     0.2613195E+01     0.5086650E+02
     0.2601950E+01     0.5085164E+02
     0.2614974E+01     0.5085143E+02
     0.2618044E+01     0.5084949E+02
     0.2622445E+01     0.5084095E+02
     0.2630823E+01     0.5083232E+02
     0.2635848E+01     0.5081693E+02
     0.2654681E+01     0.5081625E+02
     0.2659233E+01     0.5081779E+02
     0.2668959E+01     0.5082593E+02
     0.2678287E+01     0.5082261E+02
     0.2684562E+01     0.5081711E+02
     0.2690823E+01     0.5081573E+02
     0.2705851E+01     0.5081719E+02
     0.2717509E+01     0.5081601E+02
     0.2721386E+01     0.5081417E+02
     0.2724673E+01     0.5081260E+02
     0.2727201E+01     0.5080857E+02
     0.2725123E+01     0.5079957E+02
     0.2726408E+01     0.5079732E+02
     0.2732910E+01     0.5079321E+02
     0.2735621E+01     0.5078712E+02
     0.2752114E+01     0.5078015E+02
     0.2763373E+01     0.5077117E+02
     0.2768538E+01     0.5076173E+02
     0.2766090E+01     0.5075684E+02
     0.2783762E+01     0.5075266E+02
     0.2788320E+01     0.5074595E+02
     0.2788090E+01     0.5073632E+02
     0.2795442E+01     0.5072651E+02
     0.2816911E+01     0.5071783E+02
     0.2817849E+01     0.5071745E+02
     0.2826027E+01     0.5071865E+02
     0.2846695E+01     0.5072533E+02
     0.2854893E+01     0.5072218E+02
     0.2860953E+01     0.5071461E+02
     0.2872175E+01     0.5070561E+02
     0.2889483E+01     0.5070530E+02
     0.2894144E+01     0.5070134E+02
     0.2901371E+01     0.5069980E+02
     0.2910077E+01     0.5070204E+02
     0.2924486E+01     0.5070498E+02
     0.2925815E+01     0.5071222E+02
     0.2927952E+01     0.5072389E+02
     0.2930670E+01     0.5072787E+02
     0.2936667E+01     0.5072938E+02
     0.2940349E+01     0.5073404E+02
     0.2938606E+01     0.5074241E+02
     0.2951177E+01     0.5075062E+02
     0.2974605E+01     0.5075143E+02
     0.2985369E+01     0.5075699E+02
     0.2989058E+01     0.5076165E+02
     0.2999136E+01     0.5076329E+02
     0.3013873E+01     0.5077028E+02
     0.3030178E+01     0.5077084E+02
     0.3048033E+01     0.5077728E+02
     0.3057153E+01     0.5077823E+02
     0.3063049E+01     0.5077686E+02
     0.3079043E+01     0.5077314E+02
     0.3088216E+01     0.5077345E+02
     0.3110697E+01     0.5078586E+02
     0.3139944E+01     0.5079072E+02
     0.3151583E+01     0.5078592E+02
     0.3151093E+01     0.5077943E+02
     0.3168016E+01     0.5075990E+02
     0.3179749E+01     0.5075380E+02
     0.3183540E+01     0.5074486E+02
     0.3187981E+01     0.5074047E+02
     0.3199609E+01     0.5073483E+02
     0.3202559E+01     0.5072943E+02
     0.3196583E+01     0.5072306E+02
     0.3208025E+01     0.5071954E+02
     0.3214691E+01     0.5071265E+02
     0.3233472E+01     0.5071187E+02
     0.3242507E+01     0.5070984E+02
     0.3256767E+01     0.5069734E+02
     0.3256517E+01     0.5068879E+02
     0.3268084E+01     0.5067885E+02
     0.3265033E+01     0.5067647E+02
     0.3243969E+01     0.5066985E+02
     0.3240872E+01     0.5066637E+02
     0.3239457E+01     0.5065855E+02
     0.3243228E+01     0.5064960E+02
     0.3247705E+01     0.5064457E+02
     0.3245119E+01     0.5063865E+02
     0.3253413E+01     0.5062402E+02
     0.3272875E+01     0.5060974E+02
     0.3273895E+01     0.5059682E+02
     0.3277196E+01     0.5059368E+02
     0.3274812E+01     0.5058518E+02
     0.3280702E+01     0.5057500E+02
     0.3278675E+01     0.5056992E+02
     0.3277304E+01     0.5056647E+02
     0.3282987E+01     0.5055888E+02
     0.3276089E+01     0.5055607E+02
     0.3281466E+01     0.5055235E+02
     0.3277765E+01     0.5054770E+02
     0.3276703E+01     0.5053536E+02
     0.3292978E+01     0.5052227E+02
     0.3336910E+01     0.5050618E+02
     0.3354439E+01     0.5050284E+02
     0.3374733E+01     0.5048987E+02
     0.3381825E+01     0.5049009E+02
     0.3384166E+01     0.5049186E+02
     0.3394309E+01     0.5049955E+02
     0.3403380E+01     0.5050048E+02
     0.3413612E+01     0.5049950E+02
     0.3425579E+01     0.5050246E+02
     0.3428424E+01     0.5050514E+02
     0.3445751E+01     0.5050438E+02
     0.3451736E+01     0.5050585E+02
     0.3457044E+01     0.5051638E+02
     0.3469357E+01     0.5052842E+02
     0.3492873E+01     0.5052654E+02
     0.3510540E+01     0.5052124E+02
     0.3516957E+01     0.5051690E+02
     0.3499819E+01     0.5050307E+02
     0.3497778E+01     0.5050142E+02
     0.3494202E+01     0.5049483E+02
     0.3496945E+01     0.5048520E+02
     0.3513061E+01     0.5048698E+02
     0.3534974E+01     0.5049282E+02
     0.3550174E+01     0.5049327E+02
     0.3563161E+01     0.5049625E+02
     0.3572516E+01     0.5049328E+02
     0.3582148E+01     0.5048644E+02
     0.3589148E+01     0.5048794E+02
     0.3602918E+01     0.5049417E+02
     0.3609137E+01     0.5049242E+02
     0.3628480E+01     0.5047743E+02
     0.3631507E+01     0.5047006E+02
     0.3632161E+01     0.5046847E+02
     0.3646980E+01     0.5045983E+02
     0.3653148E+01     0.5045871E+02
     0.3659587E+01     0.5045372E+02
     0.3659484E+01     0.5044076E+02
     0.3669319E+01     0.5043068E+02
     0.3668986E+01     0.5042096E+02
     0.3673803E+01     0.5041008E+02
     0.3672593E+01     0.5039839E+02
     0.3674978E+01     0.5039328E+02
     0.3663010E+01     0.5037609E+02
     0.3659692E+01     0.5036563E+02
     0.3661020E+01     0.5036114E+02
     0.3665243E+01     0.5035867E+02
     0.3666978E+01     0.5034835E+02
     0.3674591E+01     0.5034080E+02
     0.3677378E+01     0.5032987E+02
     0.3687051E+01     0.5032173E+02
     0.3685346E+01     0.5031715E+02
     0.3694881E+01     0.5031094E+02
     0.3706254E+01     0.5030738E+02
     0.3710247E+01     0.5030814E+02
     0.3708613E+01     0.5031716E+02
     0.3711508E+01     0.5031919E+02
     0.3728196E+01     0.5031189E+02
     0.3731002E+01     0.5031520E+02
     0.3729239E+01     0.5032616E+02
     0.3735379E+01     0.5033994E+02
     0.3743896E+01     0.5034860E+02
     0.3754278E+01     0.5035000E+02
     0.3759139E+01     0.5034773E+02
     0.3773857E+01     0.5035461E+02
     0.3798369E+01     0.5035141E+02
     0.3812385E+01     0.5035374E+02
     0.3811592E+01     0.5035048E+02
     0.3819052E+01     0.5034485E+02
     0.3823007E+01     0.5034626E+02
     0.3824727E+01     0.5035084E+02
     0.3849860E+01     0.5035347E+02
     0.3869993E+01     0.5033976E+02
     0.3877192E+01     0.5033801E+02
     0.3884094E+01     0.5034079E+02
     0.3888304E+01     0.5033831E+02
     0.3890745E+01     0.5033190E+02
     0.3907309E+01     0.5032868E+02
     0.3934138E+01     0.5033370E+02
     0.3957763E+01     0.5034404E+02
     0.3964795E+01     0.5034487E+02
     0.3970093E+01     0.5034112E+02
     0.3978941E+01     0.5034524E+02
     0.3987228E+01     0.5034222E+02
     0.3996527E+01     0.5034566E+02
     0.4006019E+01     0.5034917E+02
     0.4016125E+01     0.5034944E+02
     0.4020814E+01     0.5035538E+02
     0.4027808E+01     0.5035686E+02
     0.4032012E+01     0.5035437E+02
     0.4038676E+01     0.5034483E+02
     0.4044979E+01     0.5034111E+02
     0.4055242E+01     0.5033878E+02
     0.4058790E+01     0.5033045E+02
     0.4069050E+01     0.5032812E+02
     0.4075348E+01     0.5032439E+02
     0.4085266E+01     0.5031104E+02
     0.4094117E+01     0.5031515E+02
     0.4102353E+01     0.5031277E+02
     0.4120258E+01     0.5030091E+02
     0.4123793E+01     0.5029213E+02
     0.4126198E+01     0.5028616E+02
     0.4124568E+01     0.5027965E+02
     0.4126896E+01     0.5027452E+02
     0.4132950E+01     0.5027467E+02
     0.4136209E+01     0.5027087E+02
     0.4136595E+01     0.5026440E+02
     0.4141948E+01     0.5025936E+02
     0.4154090E+01     0.5025901E+02
     0.4170037E+01     0.5026263E+02
     0.4171673E+01     0.5026915E+02
     0.4154023E+01     0.5027713E+02
     0.4155695E+01     0.5028300E+02
     0.4161483E+01     0.5028768E+02
     0.4168471E+01     0.5028914E+02
     0.4174717E+01     0.5028606E+02
     0.4178088E+01     0.5028031E+02
     0.4185380E+01     0.5027660E+02
     0.4199582E+01     0.5027565E+02
     0.4206109E+01     0.5027346E+02
     0.4206795E+01     0.5027324E+02
     0.4213187E+01     0.5026756E+02
     0.4217598E+01     0.5026119E+02
     0.4216106E+01     0.5025209E+02
     0.4210356E+01     0.5024678E+02
     0.4179894E+01     0.5023244E+02
     0.4178258E+01     0.5022593E+02
     0.4171623E+01     0.5021864E+02
     0.4156583E+01     0.5021698E+02
     0.4153751E+01     0.5021368E+02
     0.4163738E+01     0.5019838E+02
     0.4161251E+01     0.5018925E+02
     0.4155515E+01     0.5018394E+02
     0.4150940E+01     0.5017605E+02
     0.4151701E+01     0.5017411E+02
     0.4152949E+01     0.5017091E+02
     0.4152949E+01     0.5017091E+02
     0.4155695E+01     0.5016387E+02
     0.4137149E+01     0.5015370E+02
     0.4137688E+01     0.5014465E+02
     0.4130219E+01     0.5013475E+02
     0.4136524E+01     0.5013037E+02
     0.4146659E+01     0.5012933E+02
     0.4155635E+01     0.5013085E+02
     0.4167363E+01     0.5013696E+02
     0.4182303E+01     0.5013622E+02
     0.4182303E+01     0.5013622E+02
     0.4193632E+01     0.5013566E+02
     0.4201793E+01     0.5013391E+02
     0.4200158E+01     0.5012740E+02
     0.4202734E+01     0.5011775E+02
     0.4199088E+01     0.5011119E+02
     0.4204407E+01     0.5010711E+02
     0.4206464E+01     0.5010554E+02
     0.4203598E+01     0.5010288E+02
     0.4203748E+01     0.5010029E+02
     0.4213058E+01     0.5009599E+02
     0.4223631E+01     0.5008718E+02
     0.4231149E+01     0.5007894E+02
     0.4231447E+01     0.5007377E+02
     0.4227726E+01     0.5006850E+02
     0.4200163E+01     0.5005812E+02
     0.4193434E+01     0.5005278E+02
     0.4185552E+01     0.5005000E+02
     0.4175396E+01     0.5005170E+02
     0.4163346E+01     0.5005140E+02
     0.4158478E+01     0.5004869E+02
     0.4145341E+01     0.5003283E+02
     0.4142560E+01     0.5002888E+02
     0.4142431E+01     0.5002433E+02
     0.4142438E+01     0.5001398E+02
     0.4146988E+01     0.5000503E+02
     0.4155014E+01     0.5000523E+02
     0.4162028E+01     0.5000000E+02
     0.4163419E+01     0.4999896E+02
     0.4146322E+01     0.4998236E+02
     0.4148557E+01     0.4997853E+02
     0.4154725E+01     0.4997609E+02
     0.4170614E+01     0.4997907E+02
     0.4177708E+01     0.4997795E+02
     0.4179940E+01     0.4997412E+02
     0.4189001E+01     0.4997369E+02
     0.4196206E+01     0.4997063E+02
     0.4194765E+01     0.4996088E+02
     0.4198962E+01     0.4995775E+02
     0.4207869E+01     0.4995991E+02
     0.4220898E+01     0.4996022E+02
     0.4231885E+01     0.4996113E+02
     0.4249669E+01     0.4996609E+02
     0.4280743E+01     0.4996682E+02
     0.4290622E+01     0.4996965E+02
     0.4303287E+01     0.4997042E+02
     0.4307629E+01     0.4997069E+02
     0.4325924E+01     0.4996658E+02
     0.4330936E+01     0.4996670E+02
     0.4341423E+01     0.4995852E+02
     0.4348581E+01     0.4995610E+02
     0.4378753E+01     0.4995485E+02
     0.4383974E+01     0.4995108E+02
     0.4392130E+01     0.4994867E+02
     0.4402081E+01     0.4995019E+02
     0.4438535E+01     0.4994389E+02
     0.4443749E+01     0.4994012E+02
     0.4456707E+01     0.4994170E+02
     0.4480453E+01     0.4994757E+02
     0.4485428E+01     0.4994880E+02
     0.4510448E+01     0.4994999E+02
     0.4526054E+01     0.4995873E+02
     0.4536521E+01     0.4996996E+02
     0.4543474E+01     0.4997140E+02
     0.4555538E+01     0.4997101E+02
     0.4567440E+01     0.4997385E+02
     0.4575914E+01     0.4998503E+02
     0.4587821E+01     0.4998787E+02
     0.4617911E+01     0.4998849E+02
     0.4624743E+01     0.4999251E+02
     0.4644774E+01     0.4999357E+02
     0.4653740E+01     0.4999504E+02
     0.4659634E+01     0.4999775E+02
     0.4680641E+01     0.4999947E+02
     0.4681068E+01     0.5000000E+02
     0.4685380E+01     0.5000539E+02
     0.4686708E+01     0.5001965E+02
     0.4695978E+01     0.5003602E+02
     0.4702117E+01     0.5005491E+02
     0.4699801E+01     0.5006134E+02
     0.4681625E+01     0.5006292E+02
     0.4680404E+01     0.5006742E+02
     0.4687068E+01     0.5007533E+02
     0.4688799E+01     0.5008118E+02
     0.4693279E+01     0.5008609E+02
     0.4705059E+01     0.5009898E+02
     0.4732758E+01     0.5010923E+02
     0.4743819E+01     0.5010945E+02
     0.4749704E+01     0.5011280E+02
     0.4755409E+01     0.5012003E+02
     0.4757031E+01     0.5012848E+02
     0.4764663E+01     0.5013768E+02
     0.4799237E+01     0.5015258E+02
     0.4808239E+01     0.5015404E+02
     0.4815942E+01     0.5016195E+02
     0.4817752E+01     0.5016652E+02
     0.4823911E+01     0.5016782E+02
     0.4836253E+01     0.5015845E+02
     0.4858630E+01     0.5015368E+02
     0.4877701E+01     0.5015532E+02
     0.4880862E+01     0.5015215E+02
     0.4881060E+01     0.5014762E+02
     0.4896523E+01     0.5013948E+02
     0.4885055E+01     0.5013370E+02
     0.4869918E+01     0.5012606E+02
     0.4871378E+01     0.5011573E+02
     0.4868900E+01     0.5010339E+02
     0.4873064E+01     0.5010022E+02
     0.4872398E+01     0.5009245E+02
     0.4868433E+01     0.5009108E+02
     0.4860969E+01     0.5010065E+02
     0.4843904E+01     0.5009969E+02
     0.4842180E+01     0.5009319E+02
     0.4846430E+01     0.5008809E+02
     0.4842611E+01     0.5008348E+02
     0.4842898E+01     0.5007702E+02
     0.4839166E+01     0.5007048E+02
     0.4825155E+01     0.5006892E+02
     0.4827628E+01     0.5005861E+02
     0.4824562E+01     0.5005600E+02
     0.4823754E+01     0.5005531E+02
     0.4840172E+01     0.5004784E+02
     0.4840402E+01     0.5004267E+02
     0.4820838E+01     0.5003065E+02
     0.4815367E+01     0.5001826E+02
     0.4820618E+01     0.5001318E+02
     0.4817839E+01     0.5000795E+02
     0.4820136E+01     0.5000152E+02
     0.4819180E+01     0.5000000E+02
     0.4809827E+01     0.4998515E+02
     0.4798852E+01     0.4998364E+02
     0.4795075E+01     0.4997839E+02
     0.4790706E+01     0.4996407E+02
     0.4799049E+01     0.4995711E+02
     0.4805131E+01     0.4995613E+02
     0.4831387E+01     0.4995189E+02
     0.4841410E+01     0.4995208E+02
     0.4850631E+01     0.4994772E+02
     0.4859161E+01     0.4993623E+02
     0.4865399E+01     0.4993116E+02
     0.4876646E+01     0.4992619E+02
     0.4879961E+01     0.4991913E+02
     0.4884640E+01     0.4990369E+02
     0.4882862E+01     0.4989848E+02
     0.4871356E+01     0.4988662E+02
     0.4859280E+01     0.4986504E+02
     0.4857876E+01     0.4986488E+02
     0.4852304E+01     0.4986427E+02
     0.4851418E+01     0.4986166E+02
     0.4856130E+01     0.4984557E+02
     0.4869272E+01     0.4984257E+02
     0.4868667E+01     0.4983350E+02
     0.4876173E+01     0.4982199E+02
     0.4875313E+01     0.4981874E+02
     0.4866544E+01     0.4981340E+02
     0.4859200E+01     0.4979838E+02
     0.4855317E+01     0.4979572E+02
     0.4856486E+01     0.4979186E+02
     0.4868558E+01     0.4979014E+02
     0.4872329E+01     0.4979539E+02
     0.4876325E+01     0.4979546E+02
     0.4894614E+01     0.4978867E+02
     0.4906678E+01     0.4978760E+02
     0.4920585E+01     0.4978914E+02
     0.4944342E+01     0.4979474E+02
     0.4945151E+01     0.4979929E+02
     0.4956952E+01     0.4980402E+02
     0.4965080E+01     0.4980093E+02
     0.4969995E+01     0.4980296E+02
     0.4977989E+01     0.4980310E+02
     0.4990059E+01     0.4980136E+02
     0.4997239E+01     0.4979696E+02
     0.5000000E+01     0.4979374E+02
     0.5009832E+01     0.4978229E+02
     0.5024076E+01     0.4977607E+02
     0.5041286E+01     0.4977053E+02
     0.5049325E+01     0.4976937E+02
     0.5059234E+01     0.4977148E+02
     0.5063381E+01     0.4976767E+02
     0.5066606E+01     0.4976190E+02
     0.5077614E+01     0.4976143E+02
     0.5088495E+01     0.4976420E+02
     0.5095610E+01     0.4976108E+02
     0.5126768E+01     0.4972988E+02
     0.5124243E+01     0.4971754E+02
     0.5127359E+01     0.4971436E+02
     0.5139303E+01     0.4971520E+02
     0.5141419E+01     0.4971200E+02
     0.5145458E+01     0.4971077E+02
     0.5152148E+01     0.4971864E+02
     0.5158133E+01     0.4971873E+02
     0.5164455E+01     0.4970977E+02
     0.5165473E+01     0.4970365E+02
     0.5165742E+01     0.4970203E+02
     0.5163988E+01     0.4969553E+02
     0.5168048E+01     0.4969365E+02
     0.5180961E+01     0.4969515E+02
     0.5197008E+01     0.4969281E+02
     0.5201922E+01     0.4969483E+02
     0.5208901E+01     0.4969493E+02
     0.5213124E+01     0.4968853E+02
     0.5218154E+01     0.4968731E+02
     0.5227080E+01     0.4968874E+02
     0.5246089E+01     0.4968709E+02
     0.5259750E+01     0.4969571E+02
     0.5269811E+01     0.4969327E+02
     0.5286121E+01     0.4968316E+02
     0.5307385E+01     0.4967376E+02
     0.5314759E+01     0.4966842E+02
     0.5319652E+01     0.4966488E+02
     0.5332045E+01     0.4965212E+02
     0.5321328E+01     0.4964485E+02
     0.5310725E+01     0.4963434E+02
     0.5308025E+01     0.4962589E+02
     0.5315499E+01     0.4961112E+02
     0.5317380E+01     0.4961438E+02
     0.5325212E+01     0.4961838E+02
     0.5346030E+01     0.4962126E+02
     0.5344776E+01     0.4962901E+02
     0.5353651E+01     0.4963172E+02
     0.5364859E+01     0.4962411E+02
     0.5371828E+01     0.4962421E+02
     0.5380213E+01     0.4962177E+02
     0.5390933E+01     0.4961865E+02
     0.5433536E+01     0.4959400E+02
     0.5431729E+01     0.4958815E+02
     0.5441330E+01     0.4956758E+02
     0.5456327E+01     0.4956519E+02
     0.5444859E+01     0.4955016E+02
     0.5459969E+01     0.4954389E+02
     0.5469151E+01     0.4953625E+02
     0.5469846E+01     0.4953101E+02
     0.5461178E+01     0.4952770E+02
     0.5451906E+01     0.4952119E+02
     0.5443867E+01     0.4952040E+02
     0.5437978E+01     0.4951804E+02
     0.5464556E+01     0.4950832E+02
     0.5467231E+01     0.4950081E+02
     0.5477649E+01     0.4949361E+02
     0.5480131E+01     0.4950302E+02
     0.5487301E+01     0.4950951E+02
     0.5509757E+01     0.4950864E+02
     0.5524718E+01     0.4951247E+02
     0.5540014E+01     0.4951699E+02
     0.5552988E+01     0.4952949E+02
     0.5560681E+01     0.4953026E+02
     0.5572272E+01     0.4952948E+02
     0.5595989E+01     0.4952106E+02
     0.5599905E+01     0.4951882E+02
     0.5605766E+01     0.4950929E+02
     0.5614930E+01     0.4950733E+02
     0.5619235E+01     0.4951348E+02
     0.5622024E+01     0.4951747E+02
     0.5618195E+01     0.4952977E+02
     0.5622596E+01     0.4953576E+02
     0.5632982E+01     0.4954090E+02
     0.5635687E+01     0.4954482E+02
     0.5649928E+01     0.4955022E+02
     0.5656677E+01     0.4954986E+02
     0.5678581E+01     0.4954882E+02
     0.5703794E+01     0.4954210E+02
     0.5724507E+01     0.4954117E+02
     0.5726145E+01     0.4954599E+02
     0.5735283E+01     0.4954516E+02
     0.5738175E+01     0.4954153E+02
     0.5744524E+01     0.4954000E+02
     0.5752906E+01     0.4954145E+02
     0.5753160E+01     0.4954557E+02
     0.5756938E+01     0.4954903E+02
     0.5756075E+01     0.4955588E+02
     0.5761182E+01     0.4956256E+02
     0.5773067E+01     0.4956450E+02
     0.5786897E+01     0.4955801E+02
     0.5793691E+01     0.4955236E+02
     0.5801070E+01     0.4955174E+02
     0.5806646E+01     0.4955339E+02
     0.5816617E+01     0.4954663E+02
     0.5816000E+01     0.4954025E+02
     0.5820006E+01     0.4953899E+02
     0.5825970E+01     0.4953905E+02
     0.5833342E+01     0.4954268E+02
     0.5838794E+01     0.4954338E+02
     0.5843059E+01     0.4954024E+02
     0.5839666E+01     0.4953495E+02
     0.5841848E+01     0.4953131E+02
     0.5837736E+01     0.4952694E+02
     0.5838151E+01     0.4952397E+02
     0.5843161E+01     0.4951921E+02
     0.5850229E+01     0.4951654E+02
     0.5852774E+01     0.4951221E+02
     0.5859981E+01     0.4950291E+02
     0.5870576E+01     0.4949889E+02
     0.5885612E+01     0.4950039E+02
     0.5890553E+01     0.4949860E+02
     0.5898251E+01     0.4949913E+02
     0.5916758E+01     0.4950225E+02
     0.5923100E+01     0.4950048E+02
     0.5940643E+01     0.4949925E+02
     0.5959690E+01     0.4949255E+02
     0.5973017E+01     0.4949174E+02
     0.5971267E+01     0.4948142E+02
     0.5969115E+01     0.4947571E+02
     0.5977054E+01     0.4946320E+02
     0.5981634E+01     0.4946164E+02
     0.5985565E+01     0.4945732E+02
     0.5993290E+01     0.4945601E+02
     0.5996414E+01     0.4945741E+02
     0.6002039E+01     0.4945608E+02
     0.6007014E+01     0.4945200E+02
     0.6015067E+01     0.4945184E+02
     0.6028329E+01     0.4945399E+02
     0.6038224E+01     0.4944858E+02
     0.6045958E+01     0.4944658E+02
     0.6047944E+01     0.4945322E+02
     0.6055154E+01     0.4946150E+02
     0.6060358E+01     0.4946428E+02
     0.6083811E+01     0.4946444E+02
     0.6094321E+01     0.4946405E+02
     0.6109341E+01     0.4946621E+02
     0.6124326E+01     0.4947065E+02
     0.6130976E+01     0.4949355E+02
     0.6139410E+01     0.4949177E+02
     0.6148284E+01     0.4948406E+02
     0.6155911E+01     0.4948936E+02
     0.6164286E+01     0.4949147E+02
     0.6157166E+01     0.4949920E+02
     0.6161676E+01     0.4950219E+02
     0.6176687E+01     0.4950594E+02
     0.6206873E+01     0.4950223E+02
     0.6212820E+01     0.4950295E+02
     0.6226066E+01     0.4950805E+02
     0.6234345E+01     0.4950766E+02
     0.6239039E+01     0.4950744E+02
     0.6247769E+01     0.4950977E+02
     0.6254086E+01     0.4950912E+02
     0.6265703E+01     0.4950484E+02
     0.6267133E+01     0.4950256E+02
     0.6283614E+01     0.4950150E+02
     0.6282638E+01     0.4949533E+02
     0.6285499E+01     0.4949054E+02
     0.6293637E+01     0.4948373E+02
     0.6300622E+01     0.4948536E+02
     0.6304214E+01     0.4947784E+02
     0.6325945E+01     0.4947611E+02
     0.6329148E+01     0.4947156E+02
     0.6336911E+01     0.4946611E+02
     0.6355145E+01     0.4946345E+02
     0.6361137E+01     0.4945959E+02
     0.6374592E+01     0.4945884E+02
     0.6386998E+01     0.4946381E+02
     0.6396460E+01     0.4946294E+02
     0.6405193E+01     0.4946480E+02
     0.6422971E+01     0.4947309E+02
     0.6429967E+01     0.4947380E+02
     0.6445794E+01     0.4946587E+02
     0.6462294E+01     0.4946044E+02
     0.6475959E+01     0.4945889E+02
     0.6487916E+01     0.4945184E+02
     0.6503685E+01     0.4944938E+02
     0.6523374E+01     0.4943664E+02
     0.6541165E+01     0.4943468E+02
     0.6543682E+01     0.4943441E+02
     0.6555308E+01     0.4942187E+02
     0.6548691E+01     0.4941751E+02
     0.6545209E+01     0.4941522E+02
     0.6542796E+01     0.4941018E+02
     0.6543467E+01     0.4940612E+02
     0.6543889E+01     0.4940356E+02
     0.6552654E+01     0.4939970E+02
     0.6566702E+01     0.4938945E+02
     0.6571604E+01     0.4938809E+02
     0.6582437E+01     0.4938858E+02
     0.6587346E+01     0.4938585E+02
     0.6589818E+01     0.4938128E+02
     0.6588450E+01     0.4937602E+02
     0.6601078E+01     0.4936737E+02
     0.6602491E+01     0.4936440E+02
     0.6599030E+01     0.4935868E+02
     0.6591040E+01     0.4935089E+02
     0.6579823E+01     0.4935795E+02
     0.6572139E+01     0.4935770E+02
     0.6570449E+01     0.4934856E+02
     0.6572590E+01     0.4934102E+02
     0.6591838E+01     0.4933330E+02
     0.6595365E+01     0.4932691E+02
     0.6590863E+01     0.4932073E+02
     0.6591925E+01     0.4931799E+02
     0.6614337E+01     0.4930342E+02
     0.6628660E+01     0.4929979E+02
     0.6645439E+01     0.4929251E+02
     0.6656994E+01     0.4928225E+02
     0.6669208E+01     0.4928021E+02
     0.6670285E+01     0.4927244E+02
     0.6664413E+01     0.4925918E+02
     0.6666871E+01     0.4925484E+02
     0.6684996E+01     0.4925441E+02
     0.6688496E+01     0.4925076E+02
     0.6688422E+01     0.4924893E+02
     0.6688176E+01     0.4924276E+02
     0.6686114E+01     0.4923499E+02
     0.6691751E+01     0.4921718E+02
     0.6695591E+01     0.4921490E+02
     0.6703253E+01     0.4921445E+02
     0.6715773E+01     0.4922018E+02
     0.6722389E+01     0.4922065E+02
     0.6725883E+01     0.4921654E+02
     0.6731135E+01     0.4920649E+02
     0.6715868E+01     0.4918911E+02
     0.6732141E+01     0.4916809E+02
     0.6746550E+01     0.4916721E+02
     0.6758378E+01     0.4916744E+02
     0.6766734E+01     0.4916402E+02
     0.6770206E+01     0.4916768E+02
     0.6782727E+01     0.4916974E+02
     0.6794559E+01     0.4916769E+02
     0.6823791E+01     0.4915719E+02
     0.6836315E+01     0.4915377E+02
     0.6839096E+01     0.4915583E+02
     0.6843616E+01     0.4916017E+02
     0.6847439E+01     0.4917182E+02
     0.6861356E+01     0.4917547E+02
     0.6862400E+01     0.4918347E+02
     0.6859615E+01     0.4918758E+02
     0.6854393E+01     0.4919969E+02
     0.6839767E+01     0.4921020E+02
     0.6846729E+01     0.4921546E+02
     0.6852300E+01     0.4921980E+02
     0.6856132E+01     0.4921980E+02
     0.6866580E+01     0.4921957E+02
     0.6880161E+01     0.4921408E+02
     0.6886079E+01     0.4921180E+02
     0.6894784E+01     0.4921111E+02
     0.6917775E+01     0.4921818E+02
     0.6922655E+01     0.4922091E+02
     0.6930317E+01     0.4922114E+02
     0.6940064E+01     0.4921793E+02
     0.6957458E+01     0.4920832E+02
     0.6977999E+01     0.4920715E+02
     0.6986694E+01     0.4920349E+02
     0.7000591E+01     0.4919342E+02
     0.7008598E+01     0.4919363E+02
     0.7014850E+01     0.4918951E+02
     0.7036948E+01     0.4919497E+02
     0.7037976E+01     0.4918680E+02
     0.7032710E+01     0.4917790E+02
     0.7032683E+01     0.4917265E+02
     0.7035395E+01     0.4915870E+02
     0.7044730E+01     0.4914840E+02
     0.7047817E+01     0.4914039E+02
     0.7048760E+01     0.4912211E+02
     0.7050821E+01     0.4911753E+02
     0.7056715E+01     0.4911500E+02
     0.7064356E+01     0.4911430E+02
     0.7070969E+01     0.4911611E+02
     0.7083128E+01     0.4912724E+02
     0.7088033E+01     0.4913186E+02
     0.7085538E+01     0.4914862E+02
     0.7094072E+01     0.4915419E+02
     0.7106851E+01     0.4915585E+02
     0.7111951E+01     0.4915360E+02
     0.7111926E+01     0.4914746E+02
     0.7108497E+01     0.4914132E+02
     0.7110193E+01     0.4913964E+02
     0.7128067E+01     0.4913961E+02
     0.7148124E+01     0.4912721E+02
     0.7155229E+01     0.4912393E+02
     0.7190212E+01     0.4913016E+02
     0.7190212E+01     0.4913016E+02
     0.7197819E+01     0.4912442E+02
     0.7202286E+01     0.4911710E+02
     0.7212413E+01     0.4912369E+02
     0.7222865E+01     0.4912685E+02
     0.7247921E+01     0.4913042E+02
     0.7267331E+01     0.4912372E+02
     0.7287840E+01     0.4912387E+02
     0.7287801E+01     0.4911953E+02
     0.7290901E+01     0.4911632E+02
     0.7298191E+01     0.4911537E+02
     0.7312572E+01     0.4912948E+02
     0.7315710E+01     0.4913038E+02
     0.7321707E+01     0.4913949E+02
     0.7329048E+01     0.4914360E+02
     0.7331846E+01     0.4914516E+02
     0.7359290E+01     0.4914252E+02
     0.7365602E+01     0.4914752E+02
     0.7364970E+01     0.4915347E+02
     0.7370281E+01     0.4916235E+02
     0.7368950E+01     0.4916807E+02
     0.7372111E+01     0.4917080E+02
     0.7434180E+01     0.4918214E+02
     0.7448803E+01     0.4918274E+02
     0.7445250E+01     0.4917682E+02
     0.7448307E+01     0.4917064E+02
     0.7442358E+01     0.4916793E+02
     0.7441290E+01     0.4916587E+02
     0.7443459E+01     0.4916426E+02
     0.7444393E+01     0.4916357E+02
     0.7486195E+01     0.4916791E+02
     0.7489665E+01     0.4916720E+02
     0.7491365E+01     0.4916422E+02
     0.7488493E+01     0.4915739E+02
     0.7504477E+01     0.4915615E+02
     0.7510335E+01     0.4915223E+02
     0.7505762E+01     0.4914837E+02
     0.7495970E+01     0.4914432E+02
     0.7494190E+01     0.4914113E+02
     0.7496565E+01     0.4913678E+02
     0.7503818E+01     0.4913308E+02
     0.7510991E+01     0.4912366E+02
     0.7518960E+01     0.4912179E+02
     0.7531961E+01     0.4910709E+02
     0.7533961E+01     0.4910114E+02
     0.7536273E+01     0.4909916E+02
     0.7540141E+01     0.4909584E+02
     0.7551498E+01     0.4908846E+02
     0.7567716E+01     0.4908127E+02
     0.7581253E+01     0.4908072E+02
     0.7593794E+01     0.4908338E+02
     0.7604919E+01     0.4908399E+02
     0.7632205E+01     0.4907466E+02
     0.7635976E+01     0.4907166E+02
     0.7639583E+01     0.4905862E+02
     0.7646797E+01     0.4905399E+02
     0.7652346E+01     0.4905373E+02
     0.7668225E+01     0.4904858E+02
     0.7678963E+01     0.4904736E+02
     0.7688697E+01     0.4904942E+02
     0.7699863E+01     0.4905177E+02
     0.7701731E+01     0.4905930E+02
     0.7715884E+01     0.4905484E+02
     0.7724217E+01     0.4905500E+02
     0.7729109E+01     0.4905679E+02
     0.7734307E+01     0.4905629E+02
     0.7739692E+01     0.4904711E+02
     0.7760524E+01     0.4904763E+02
     0.7769573E+01     0.4904892E+02
     0.7776934E+01     0.4905275E+02
     0.7782592E+01     0.4905818E+02
     0.7792017E+01     0.4906084E+02
     0.7797339E+01     0.4906674E+02
     0.7803240E+01     0.4906668E+02
     0.7831024E+01     0.4904999E+02
     0.7834913E+01     0.4904905E+02
     0.7850709E+01     0.4904525E+02
     0.7860614E+01     0.4903761E+02
     0.7866840E+01     0.4903664E+02
     0.7878448E+01     0.4904408E+02
     0.7889947E+01     0.4904625E+02
     0.7917343E+01     0.4904530E+02
     0.7925359E+01     0.4904683E+02
     0.7933203E+01     0.4905612E+02
     0.7940516E+01     0.4905719E+02
     0.7943277E+01     0.4905647E+02
     0.7951418E+01     0.4904817E+02
     0.7958332E+01     0.4904696E+02
     0.7962780E+01     0.4904417E+02
     0.7971632E+01     0.4903677E+02
     0.7977683E+01     0.4902848E+02
     0.7997194E+01     0.4903193E+02
     0.8013721E+01     0.4902673E+02
     0.8018847E+01     0.4902348E+02
     0.8038525E+01     0.4901962E+02
     0.8052976E+01     0.4901489E+02
     0.8065973E+01     0.4900766E+02
     0.8071017E+01     0.4900144E+02
     0.8115708E+01     0.4898677E+02
     0.8140871E+01     0.4898145E+02
     0.8160226E+01     0.4897939E+02
     0.8165236E+01     0.4897926E+02
     0.8190702E+01     0.4897857E+02
     0.8194405E+01     0.4897464E+02
     0.8201596E+01     0.4897158E+02
     0.8207127E+01     0.4897105E+02
     0.8221544E+01     0.4897842E+02
     0.8225702E+01     0.4897836E+02
     0.8232914E+01     0.4897171E+02
     0.8235493E+01     0.4896933E+02
     0.8199892E+01     0.4896017E+02
     0.8183349E+01     0.4893821E+02
     0.8150312E+01     0.4890731E+02
     0.8139831E+01     0.4889165E+02
     0.8119725E+01     0.4886266E+02
     0.8120652E+01     0.4885854E+02
     0.8116570E+01     0.4884785E+02
     0.8108732E+01     0.4882555E+02
     0.8100858E+01     0.4881490E+02
     0.8090241E+01     0.4880497E+02
     0.8077945E+01     0.4879665E+02
     0.8067849E+01     0.4879334E+02
     0.8060232E+01     0.4879251E+02
     0.8049239E+01     0.4879469E+02
     0.8041635E+01     0.4879432E+02
     0.8036753E+01     0.4879231E+02
     0.8029333E+01     0.4878531E+02
     0.8023747E+01     0.4876847E+02
     0.8020221E+01     0.4876530E+02
END
END
