Netherlands
13
     0.5020000E+01     0.5200000E+02
     0.7185874E+01     0.5294425E+02
     0.7165218E+01     0.5292334E+02
     0.7115944E+01     0.5287334E+02
     0.7089423E+01     0.5285077E+02
     0.7094264E+01     0.5283956E+02
     0.7076054E+01     0.5281536E+02
     0.7075584E+01     0.5281382E+02
     0.7071462E+01     0.5280029E+02
     0.7073296E+01     0.5279023E+02
     0.7070054E+01     0.5274131E+02
     0.7062733E+01     0.5268870E+02
     0.7056458E+01     0.5264350E+02
     0.7047043E+01     0.5263551E+02
     0.7034282E+01     0.5263416E+02
     0.7012535E+01     0.5263808E+02
     0.7002422E+01     0.5264335E+02
     0.6988915E+01     0.5264428E+02
     0.6964520E+01     0.5264248E+02
     0.6951380E+01     0.5263929E+02
     0.6936824E+01     0.5263892E+02
     0.6934119E+01     0.5263885E+02
     0.6917239E+01     0.5264206E+02
     0.6911241E+01     0.5264732E+02
     0.6905612E+01     0.5264778E+02
     0.6899986E+01     0.5265144E+02
     0.6870336E+01     0.5265168E+02
     0.6864330E+01     0.5264848E+02
     0.6849694E+01     0.5264871E+02
     0.6835431E+01     0.5265168E+02
     0.6823798E+01     0.5264871E+02
     0.6803531E+01     0.5264962E+02
     0.6792643E+01     0.5265236E+02
     0.6779507E+01     0.5265235E+02
     0.6769381E+01     0.5264846E+02
     0.6755495E+01     0.5264868E+02
     0.6745367E+01     0.5264661E+02
     0.6740493E+01     0.5264501E+02
     0.6734879E+01     0.5263975E+02
     0.6724002E+01     0.5263859E+02
     0.6713900E+01     0.5262989E+02
     0.6725933E+01     0.5262053E+02
     0.6727451E+01     0.5261459E+02
     0.6722265E+01     0.5259447E+02
     0.6723401E+01     0.5259058E+02
     0.6764679E+01     0.5256799E+02
     0.6766183E+01     0.5256502E+02
     0.6763941E+01     0.5256273E+02
     0.6753082E+01     0.5256135E+02
     0.6730225E+01     0.5256453E+02
     0.6727231E+01     0.5256384E+02
     0.6719778E+01     0.5255172E+02
     0.6706927E+01     0.5255283E+02
     0.6683441E+01     0.5255487E+02
     0.6706387E+01     0.5252610E+02
     0.6702403E+01     0.5248906E+02
     0.6708397E+01     0.5248586E+02
     0.6722241E+01     0.5248291E+02
     0.6759336E+01     0.5246600E+02
     0.6760792E+01     0.5246534E+02
     0.6772010E+01     0.5246260E+02
     0.6853107E+01     0.5246308E+02
     0.6856097E+01     0.5246239E+02
     0.6856846E+01     0.5245531E+02
     0.6912511E+01     0.5244637E+02
     0.6942385E+01     0.5243950E+02
     0.6948705E+01     0.5244013E+02
     0.6956962E+01     0.5244360E+02
     0.6967814E+01     0.5245182E+02
     0.6981681E+01     0.5246780E+02
     0.6989919E+01     0.5247282E+02
     0.6997005E+01     0.5246733E+02
     0.7006307E+01     0.5245428E+02
     0.7013337E+01     0.5243393E+02
     0.7024891E+01     0.5242774E+02
     0.7039375E+01     0.5240760E+02
     0.7059519E+01     0.5240505E+02
     0.7066213E+01     0.5239978E+02
     0.7078031E+01     0.5237415E+02
     0.7077338E+01     0.5236781E+02
     0.7076080E+01     0.5235632E+02
     0.7061483E+01     0.5234377E+02
     0.7057714E+01     0.5233418E+02
     0.7040853E+01     0.5231134E+02
     0.7034120E+01     0.5230381E+02
     0.7036669E+01     0.5228917E+02
     0.7032174E+01     0.5228186E+02
     0.7045864E+01     0.5226218E+02
     0.7052904E+01     0.5225531E+02
     0.7064404E+01     0.5224843E+02
     0.7065879E+01     0.5224568E+02
     0.7059159E+01     0.5223998E+02
     0.7041645E+01     0.5223087E+02
     0.7029373E+01     0.5222997E+02
     0.7010417E+01     0.5223137E+02
     0.7002985E+01     0.5223230E+02
     0.6995174E+01     0.5223139E+02
     0.6990335E+01     0.5222911E+02
     0.6982694E+01     0.5222046E+02
     0.6974298E+01     0.5220924E+02
     0.6961266E+01     0.5219713E+02
     0.6957908E+01     0.5219051E+02
     0.6950841E+01     0.5218594E+02
     0.6938208E+01     0.5218298E+02
     0.6916667E+01     0.5218162E+02
     0.6908492E+01     0.5217774E+02
     0.6906631E+01     0.5217317E+02
     0.6897715E+01     0.5216769E+02
     0.6883603E+01     0.5215855E+02
     0.6874694E+01     0.5213614E+02
     0.6856882E+01     0.5212471E+02
     0.6831662E+01     0.5212288E+02
     0.6762679E+01     0.5212217E+02
     0.6757163E+01     0.5210227E+02
     0.6749012E+01     0.5209998E+02
     0.6747537E+01     0.5209724E+02
     0.6751266E+01     0.5208809E+02
     0.6740167E+01     0.5208123E+02
     0.6734136E+01     0.5207965E+02
     0.6733131E+01     0.5207939E+02
     0.6719423E+01     0.5207892E+02
     0.6700540E+01     0.5207524E+02
     0.6697587E+01     0.5207226E+02
     0.6698714E+01     0.5206815E+02
     0.6690231E+01     0.5205854E+02
     0.6692876E+01     0.5204436E+02
     0.6714718E+01     0.5204507E+02
     0.6723988E+01     0.5204074E+02
     0.6753251E+01     0.5203345E+02
     0.6771782E+01     0.5202180E+02
     0.6779927E+01     0.5201975E+02
     0.6791940E+01     0.5201366E+02
     0.6802884E+01     0.5200810E+02
     0.6812882E+01     0.5199896E+02
     0.6813257E+01     0.5199461E+02
     0.6827311E+01     0.5199302E+02
     0.6833602E+01     0.5198547E+02
     0.6832498E+01     0.5197930E+02
     0.6835829E+01     0.5197107E+02
     0.6832137E+01     0.5196512E+02
     0.6828073E+01     0.5196329E+02
     0.6802948E+01     0.5195894E+02
     0.6799270E+01     0.5194682E+02
     0.6787850E+01     0.5192715E+02
     0.6775606E+01     0.5191956E+02
     0.6770147E+01     0.5191617E+02
     0.6757602E+01     0.5191342E+02
     0.6750236E+01     0.5190655E+02
     0.6741013E+01     0.5190472E+02
     0.6732911E+01     0.5189830E+02
     0.6727378E+01     0.5189761E+02
     0.6720733E+01     0.5189829E+02
     0.6711864E+01     0.5190217E+02
     0.6709328E+01     0.5190428E+02
     0.6697056E+01     0.5191450E+02
     0.6680802E+01     0.5191699E+02
     0.6672318E+01     0.5191538E+02
     0.6635838E+01     0.5190206E+02
     0.6585697E+01     0.5189350E+02
     0.6560299E+01     0.5188407E+02
     0.6549590E+01     0.5188564E+02
     0.6532743E+01     0.5187692E+02
     0.6528274E+01     0.5187461E+02
     0.6511333E+01     0.5187136E+02
     0.6507689E+01     0.5186563E+02
     0.6500727E+01     0.5186013E+02
     0.6479381E+01     0.5185549E+02
     0.6467927E+01     0.5185820E+02
     0.6458261E+01     0.5186708E+02
     0.6454567E+01     0.5186776E+02
     0.6442447E+01     0.5186246E+02
     0.6434706E+01     0.5186220E+02
     0.6428011E+01     0.5186812E+02
     0.6420971E+01     0.5187152E+02
     0.6406223E+01     0.5187101E+02
     0.6395110E+01     0.5187577E+02
     0.6393378E+01     0.5186502E+02
     0.6403466E+01     0.5185973E+02
     0.6411542E+01     0.5185549E+02
     0.6412680E+01     0.5185229E+02
     0.6408326E+01     0.5184541E+02
     0.6410210E+01     0.5184130E+02
     0.6409974E+01     0.5182804E+02
     0.6400733E+01     0.5183098E+02
     0.6391459E+01     0.5183689E+02
     0.6370448E+01     0.5183727E+02
     0.6366311E+01     0.5184479E+02
     0.6358873E+01     0.5185071E+02
     0.6352215E+01     0.5185274E+02
     0.6324558E+01     0.5185330E+02
     0.6314043E+01     0.5184921E+02
     0.6314043E+01     0.5184921E+02
     0.6302638E+01     0.5186782E+02
     0.6294034E+01     0.5187182E+02
     0.6280828E+01     0.5187522E+02
     0.6274826E+01     0.5187462E+02
     0.6267023E+01     0.5186962E+02
     0.6260419E+01     0.5186902E+02
     0.6252216E+01     0.5187082E+02
     0.6225404E+01     0.5186822E+02
     0.6214784E+01     0.5187266E+02
     0.6214784E+01     0.5187266E+02
     0.6196580E+01     0.5188148E+02
     0.6191351E+01     0.5188579E+02
     0.6193100E+01     0.5189220E+02
     0.6174109E+01     0.5190353E+02
     0.6167160E+01     0.5189938E+02
     0.6151209E+01     0.5190454E+02
     0.6143355E+01     0.5190250E+02
     0.6123182E+01     0.5190300E+02
     0.6111476E+01     0.5189675E+02
     0.6134074E+01     0.5189140E+02
     0.6149010E+01     0.5188029E+02
     0.6148728E+01     0.5187480E+02
     0.6155435E+01     0.5187049E+02
     0.6162885E+01     0.5186574E+02
     0.6162254E+01     0.5185888E+02
     0.6167259E+01     0.5184518E+02
     0.6142874E+01     0.5184870E+02
     0.6100800E+01     0.5185164E+02
     0.6075947E+01     0.5186250E+02
     0.6068843E+01     0.5186584E+02
     0.6059411E+01     0.5185709E+02
     0.6059481E+01     0.5185320E+02
     0.6054304E+01     0.5185172E+02
     0.6023541E+01     0.5184289E+02
     0.6018480E+01     0.5183760E+02
     0.5999791E+01     0.5183198E+02
     0.5975032E+01     0.5183545E+02
     0.5964746E+01     0.5183378E+02
     0.5956235E+01     0.5183554E+02
     0.5952670E+01     0.5182957E+02
     0.5951712E+01     0.5182225E+02
     0.5953720E+01     0.5181403E+02
     0.5970048E+01     0.5180798E+02
     0.5967929E+01     0.5180339E+02
     0.5976196E+01     0.5179499E+02
     0.5974401E+01     0.5179269E+02
     0.5982589E+01     0.5178818E+02
     0.5990780E+01     0.5178344E+02
     0.5989608E+01     0.5176788E+02
     0.5984170E+01     0.5176372E+02
     0.5960103E+01     0.5175280E+02
     0.5957216E+01     0.5175003E+02
     0.5961080E+01     0.5174068E+02
     0.5996420E+01     0.5173889E+02
     0.6032311E+01     0.5172702E+02
     0.6037498E+01     0.5172287E+02
     0.6040519E+01     0.5172045E+02
     0.6054572E+01     0.5171574E+02
     0.6042109E+01     0.5171383E+02
     0.6035177E+01     0.5171104E+02
     0.6031641E+01     0.5170346E+02
     0.6037269E+01     0.5169710E+02
     0.6032944E+01     0.5169250E+02
     0.6031927E+01     0.5168792E+02
     0.6033627E+01     0.5167535E+02
     0.6055776E+01     0.5166887E+02
     0.6112827E+01     0.5166056E+02
     0.6120595E+01     0.5165694E+02
     0.6121748E+01     0.5165375E+02
     0.6120996E+01     0.5165296E+02
     0.6113451E+01     0.5164501E+02
     0.6104259E+01     0.5162415E+02
     0.6098448E+01     0.5162068E+02
     0.6096731E+01     0.5161381E+02
     0.6098344E+01     0.5160513E+02
     0.6123849E+01     0.5159248E+02
     0.6132456E+01     0.5158156E+02
     0.6161282E+01     0.5156596E+02
     0.6173289E+01     0.5154976E+02
     0.6180353E+01     0.5154023E+02
     0.6202109E+01     0.5152960E+02
     0.6208404E+01     0.5152460E+02
     0.6218888E+01     0.5150797E+02
     0.6219506E+01     0.5149014E+02
     0.6226669E+01     0.5147486E+02
     0.6225495E+01     0.5145427E+02
     0.6217498E+01     0.5145126E+02
     0.6217450E+01     0.5143774E+02
     0.6217425E+01     0.5143068E+02
     0.6210691E+01     0.5141623E+02
     0.6210080E+01     0.5140800E+02
     0.6212361E+01     0.5140161E+02
     0.6232772E+01     0.5140377E+02
     0.6217995E+01     0.5139043E+02
     0.6226643E+01     0.5137219E+02
     0.6225337E+01     0.5136121E+02
     0.6207256E+01     0.5135059E+02
     0.6196131E+01     0.5133841E+02
     0.6180830E+01     0.5133786E+02
     0.6171047E+01     0.5133392E+02
     0.6162820E+01     0.5132381E+02
     0.6160032E+01     0.5131556E+02
     0.6134565E+01     0.5129049E+02
     0.6128196E+01     0.5127901E+02
     0.6101940E+01     0.5125987E+02
     0.6076711E+01     0.5124576E+02
     0.6076459E+01     0.5124509E+02
     0.6075667E+01     0.5124301E+02
     0.6086096E+01     0.5122867E+02
     0.6084688E+01     0.5122591E+02
     0.6075247E+01     0.5122517E+02
     0.6070936E+01     0.5122217E+02
     0.6076252E+01     0.5118790E+02
     0.6085176E+01     0.5117584E+02
     0.6091030E+01     0.5117337E+02
     0.6115298E+01     0.5117741E+02
     0.6125345E+01     0.5118502E+02
     0.6168361E+01     0.5119923E+02
     0.6183401E+01     0.5118971E+02
     0.6150121E+01     0.5118037E+02
     0.6143648E+01     0.5117621E+02
     0.6155707E+01     0.5117148E+02
     0.6171409E+01     0.5116586E+02
     0.6174009E+01     0.5116199E+02
     0.6172235E+01     0.5115923E+02
     0.6157431E+01     0.5115388E+02
     0.6127449E+01     0.5114456E+02
     0.6098506E+01     0.5113889E+02
     0.6094904E+01     0.5113726E+02
     0.6085648E+01     0.5112668E+02
     0.6073743E+01     0.5112271E+02
     0.6064331E+01     0.5112151E+02
     0.6054385E+01     0.5110955E+02
     0.6034979E+01     0.5109959E+02
     0.6019052E+01     0.5109810E+02
     0.6000384E+01     0.5108813E+02
     0.5999200E+01     0.5108698E+02
     0.5984371E+01     0.5107246E+02
     0.5972541E+01     0.5106575E+02
     0.5968506E+01     0.5104971E+02
     0.5956324E+01     0.5104298E+02
     0.5942256E+01     0.5104013E+02
     0.5934977E+01     0.5104190E+02
     0.5922351E+01     0.5105712E+02
     0.5916311E+01     0.5106897E+02
     0.5909756E+01     0.5107051E+02
     0.5887603E+01     0.5105569E+02
     0.5882720E+01     0.5105444E+02
     0.5865627E+01     0.5105002E+02
     0.5881836E+01     0.5103735E+02
     0.5877732E+01     0.5102612E+02
     0.5880393E+01     0.5102019E+02
     0.5896878E+01     0.5101096E+02
     0.5898840E+01     0.5100365E+02
     0.5904710E+01     0.5099981E+02
     0.5905596E+01     0.5099205E+02
     0.5903141E+01     0.5098837E+02
     0.5892068E+01     0.5098164E+02
     0.5900101E+01     0.5097805E+02
     0.5925310E+01     0.5098329E+02
     0.5942518E+01     0.5099097E+02
     0.5951918E+01     0.5099127E+02
     0.5962903E+01     0.5098450E+02
     0.5970168E+01     0.5098295E+02
     0.5997954E+01     0.5098636E+02
     0.6002612E+01     0.5098629E+02
     0.6028347E+01     0.5098589E+02
     0.6033132E+01     0.5098135E+02
     0.6029228E+01     0.5097721E+02
     0.6023102E+01     0.5097602E+02
     0.6013184E+01     0.5096475E+02
     0.6007111E+01     0.5096082E+02
     0.6017720E+01     0.5095403E+02
     0.6017509E+01     0.5094580E+02
     0.6021249E+01     0.5093897E+02
     0.6026357E+01     0.5093626E+02
     0.6056797E+01     0.5093121E+02
     0.6061913E+01     0.5092782E+02
     0.6085093E+01     0.5092432E+02
     0.6087027E+01     0.5091678E+02
     0.6086000E+01     0.5091335E+02
     0.6080297E+01     0.5090897E+02
     0.6079280E+01     0.5090507E+02
     0.6081508E+01     0.5090143E+02
     0.6077034E+01     0.5088955E+02
     0.6088489E+01     0.5088202E+02
     0.6094222E+01     0.5087522E+02
     0.6084918E+01     0.5087058E+02
     0.6079212E+01     0.5086666E+02
     0.6077266E+01     0.5085384E+02
     0.6074401E+01     0.5085268E+02
     0.6066087E+01     0.5085376E+02
     0.6050875E+01     0.5085732E+02
     0.6045871E+01     0.5085477E+02
     0.6033638E+01     0.5085308E+02
     0.6025766E+01     0.5084960E+02
     0.6020935E+01     0.5083767E+02
     0.6028336E+01     0.5082721E+02
     0.6023125E+01     0.5081642E+02
     0.6008936E+01     0.5080420E+02
     0.5998468E+01     0.5080527E+02
     0.5988281E+01     0.5081045E+02
     0.5981106E+01     0.5080880E+02
     0.5978031E+01     0.5080008E+02
     0.5984588E+01     0.5079625E+02
     0.5992186E+01     0.5079448E+02
     0.6019852E+01     0.5077867E+02
     0.6025306E+01     0.5077574E+02
     0.6026129E+01     0.5077003E+02
     0.6023048E+01     0.5076132E+02
     0.6025336E+01     0.5075425E+02
     0.6002635E+01     0.5075568E+02
     0.5983216E+01     0.5075485E+02
     0.5975988E+01     0.5075640E+02
     0.5970453E+01     0.5076344E+02
     0.5959287E+01     0.5076381E+02
     0.5944252E+01     0.5075958E+02
     0.5929898E+01     0.5075741E+02
     0.5922757E+01     0.5075461E+02
     0.5917723E+01     0.5075434E+02
     0.5908316E+01     0.5075678E+02
     0.5901890E+01     0.5075421E+02
     0.5895418E+01     0.5075393E+02
     0.5890682E+01     0.5075663E+02
     0.5888052E+01     0.5076187E+02
     0.5889764E+01     0.5076600E+02
     0.5884979E+01     0.5077099E+02
     0.5876418E+01     0.5076726E+02
     0.5865289E+01     0.5076579E+02
     0.5862970E+01     0.5076458E+02
     0.5852831E+01     0.5075928E+02
     0.5849442E+01     0.5076611E+02
     0.5846162E+01     0.5076791E+02
     0.5816875E+01     0.5075760E+02
     0.5807503E+01     0.5075820E+02
     0.5792415E+01     0.5077246E+02
     0.5782759E+01     0.5076963E+02
     0.5773758E+01     0.5078487E+02
     0.5766202E+01     0.5078457E+02
     0.5750574E+01     0.5077550E+02
     0.5741392E+01     0.5076810E+02
     0.5740136E+01     0.5076054E+02
     0.5732641E+01     0.5076032E+02
     0.5728265E+01     0.5076020E+02
     0.5721635E+01     0.5076630E+02
     0.5708449E+01     0.5076091E+02
     0.5704450E+01     0.5076247E+02
     0.5696654E+01     0.5075760E+02
     0.5691628E+01     0.5075709E+02
     0.5683246E+01     0.5076112E+02
     0.5700408E+01     0.5078004E+02
     0.5700293E+01     0.5078461E+02
     0.5692761E+01     0.5079757E+02
     0.5697607E+01     0.5080540E+02
     0.5695707E+01     0.5080927E+02
     0.5690205E+01     0.5081310E+02
     0.5672067E+01     0.5082819E+02
     0.5652022E+01     0.5083855E+02
     0.5646850E+01     0.5086063E+02
     0.5646503E+01     0.5087315E+02
     0.5650246E+01     0.5087537E+02
     0.5662972E+01     0.5088295E+02
     0.5673647E+01     0.5088211E+02
     0.5681150E+01     0.5088604E+02
     0.5688500E+01     0.5089574E+02
     0.5692757E+01     0.5090734E+02
     0.5721553E+01     0.5091246E+02
     0.5730214E+01     0.5093084E+02
     0.5745173E+01     0.5094159E+02
     0.5750997E+01     0.5095223E+02
     0.5757018E+01     0.5095518E+02
     0.5750702E+01     0.5096378E+02
     0.5749165E+01     0.5096344E+02
     0.5727966E+01     0.5095873E+02
     0.5721745E+01     0.5096348E+02
     0.5735139E+01     0.5097614E+02
     0.5736564E+01     0.5098000E+02
     0.5760642E+01     0.5099276E+02
     0.5767952E+01     0.5100535E+02
     0.5774980E+01     0.5102948E+02
     0.5761122E+01     0.5103416E+02
     0.5761000E+01     0.5103897E+02
     0.5769943E+01     0.5105137E+02
     0.5774282E+01     0.5105739E+02
     0.5775641E+01     0.5106414E+02
     0.5783230E+01     0.5106614E+02
     0.5794040E+01     0.5106144E+02
     0.5801489E+01     0.5106921E+02
     0.5801348E+01     0.5107499E+02
     0.5805744E+01     0.5108273E+02
     0.5799444E+01     0.5109037E+02
     0.5799326E+01     0.5109518E+02
     0.5805369E+01     0.5109813E+02
     0.5820678E+01     0.5109731E+02
     0.5832861E+01     0.5109935E+02
     0.5835736E+01     0.5110708E+02
     0.5814192E+01     0.5111265E+02
     0.5814006E+01     0.5112035E+02
     0.5818386E+01     0.5112906E+02
     0.5836649E+01     0.5113308E+02
     0.5844184E+01     0.5113796E+02
     0.5850147E+01     0.5114476E+02
     0.5850133E+01     0.5114534E+02
     0.5849967E+01     0.5115245E+02
     0.5837474E+01     0.5115855E+02
     0.5828456E+01     0.5115877E+02
     0.5825273E+01     0.5116088E+02
     0.5806073E+01     0.5115926E+02
     0.5803821E+01     0.5116164E+02
     0.5803680E+01     0.5116742E+02
     0.5798448E+01     0.5116830E+02
     0.5800500E+01     0.5117220E+02
     0.5794257E+01     0.5117695E+02
     0.5749508E+01     0.5118998E+02
     0.5726585E+01     0.5118781E+02
     0.5711371E+01     0.5118380E+02
     0.5696208E+01     0.5118562E+02
     0.5674488E+01     0.5118822E+02
     0.5668360E+01     0.5119235E+02
     0.5604710E+01     0.5119893E+02
     0.5594402E+01     0.5120994E+02
     0.5581220E+01     0.5121991E+02
     0.5559061E+01     0.5122794E+02
     0.5555914E+01     0.5124693E+02
     0.5557067E+01     0.5126553E+02
     0.5557220E+01     0.5126800E+02
     0.5537505E+01     0.5127971E+02
     0.5485156E+01     0.5130214E+02
     0.5468176E+01     0.5128775E+02
     0.5446481E+01     0.5127979E+02
     0.5430389E+01     0.5127837E+02
     0.5418489E+01     0.5126728E+02
     0.5400365E+01     0.5126995E+02
     0.5350379E+01     0.5127730E+02
     0.5340505E+01     0.5126421E+02
     0.5326271E+01     0.5126523E+02
     0.5257897E+01     0.5126426E+02
     0.5244501E+01     0.5126002E+02
     0.5235381E+01     0.5126232E+02
     0.5224761E+01     0.5127026E+02
     0.5225321E+01     0.5127136E+02
     0.5242819E+01     0.5130574E+02
     0.5221122E+01     0.5131595E+02
     0.5207333E+01     0.5132182E+02
     0.5166219E+01     0.5131554E+02
     0.5150722E+01     0.5131530E+02
     0.5138374E+01     0.5131713E+02
     0.5140530E+01     0.5132810E+02
     0.5129225E+01     0.5135262E+02
     0.5101112E+01     0.5137647E+02
     0.5095727E+01     0.5137994E+02
     0.5076533E+01     0.5139228E+02
     0.5095932E+01     0.5142497E+02
     0.5087670E+01     0.5145318E+02
     0.5079907E+01     0.5146885E+02
     0.5053327E+01     0.5146883E+02
     0.5046000E+01     0.5147357E+02
     0.5043504E+01     0.5148689E+02
     0.5037688E+01     0.5148639E+02
     0.5031758E+01     0.5148238E+02
     0.5014983E+01     0.5147104E+02
     0.5020742E+01     0.5145737E+02
     0.5016975E+01     0.5145447E+02
     0.5013991E+01     0.5144835E+02
     0.5000000E+01     0.5143974E+02
     0.4929434E+01     0.5139631E+02
     0.4924907E+01     0.5139624E+02
     0.4901496E+01     0.5141324E+02
     0.4898526E+01     0.5141388E+02
     0.4891035E+01     0.5141549E+02
     0.4867202E+01     0.5141264E+02
     0.4851600E+01     0.5141398E+02
     0.4803794E+01     0.5141149E+02
     0.4786877E+01     0.5141321E+02
     0.4775040E+01     0.5141704E+02
     0.4772391E+01     0.5143197E+02
     0.4784633E+01     0.5143341E+02
     0.4829782E+01     0.5142371E+02
     0.4828670E+01     0.5143381E+02
     0.4824711E+01     0.5143536E+02
     0.4823978E+01     0.5143634E+02
     0.4815439E+01     0.5144777E+02
     0.4817688E+01     0.5145734E+02
     0.4828095E+01     0.5146033E+02
     0.4827131E+01     0.5147153E+02
     0.4834146E+01     0.5148007E+02
     0.4832283E+01     0.5148206E+02
     0.4825428E+01     0.5148412E+02
     0.4816741E+01     0.5149554E+02
     0.4786657E+01     0.5150066E+02
     0.4781890E+01     0.5150544E+02
     0.4761375E+01     0.5150019E+02
     0.4751486E+01     0.5148989E+02
     0.4745466E+01     0.5148693E+02
     0.4734377E+01     0.5148147E+02
     0.4730106E+01     0.5147745E+02
     0.4729982E+01     0.5147071E+02
     0.4714938E+01     0.5145697E+02
     0.4713906E+01     0.5145051E+02
     0.4703923E+01     0.5144359E+02
     0.4700611E+01     0.5143792E+02
     0.4685869E+01     0.5142754E+02
     0.4655051E+01     0.5142498E+02
     0.4647518E+01     0.5142315E+02
     0.4589514E+01     0.5143175E+02
     0.4577472E+01     0.5143353E+02
     0.4561154E+01     0.5142815E+02
     0.4556704E+01     0.5142750E+02
     0.4547040E+01     0.5144076E+02
     0.4540606E+01     0.5146081E+02
     0.4542592E+01     0.5147431E+02
     0.4540372E+01     0.5148240E+02
     0.4485394E+01     0.5147761E+02
     0.4476812E+01     0.5147855E+02
     0.4468296E+01     0.5146996E+02
     0.4454842E+01     0.5146967E+02
     0.4440645E+01     0.5146657E+02
     0.4423976E+01     0.5145948E+02
     0.4378135E+01     0.5144447E+02
     0.4378135E+01     0.5144447E+02
     0.4383982E+01     0.5143618E+02
     0.4386587E+01     0.5142166E+02
     0.4399104E+01     0.5140623E+02
     0.4432970E+01     0.5137725E+02
     0.4429513E+01     0.5137493E+02
     0.4432626E+01     0.5136715E+02
     0.4415902E+01     0.5136174E+02
     0.4388291E+01     0.5135889E+02
     0.4380978E+01     0.5136153E+02
     0.4376152E+01     0.5136159E+02
     0.4363947E+01     0.5136172E+02
     0.4353884E+01     0.5136542E+02
     0.4345229E+01     0.5137589E+02
     0.4339637E+01     0.5137968E+02
     0.4248818E+01     0.5137622E+02
     0.4248818E+01     0.5137622E+02
     0.4258958E+01     0.5135943E+02
     0.4269454E+01     0.5135440E+02
     0.4260144E+01     0.5135122E+02
     0.4244604E+01     0.5134860E+02
     0.4238886E+01     0.5135218E+02
     0.4238886E+01     0.5135218E+02
     0.4192048E+01     0.5131517E+02
     0.4117880E+01     0.5126965E+02
     0.4081012E+01     0.5125866E+02
     0.4054939E+01     0.5124680E+02
     0.4031373E+01     0.5124719E+02
     0.4028100E+01     0.5124725E+02
     0.3996337E+01     0.5124084E+02
     0.3987455E+01     0.5123144E+02
     0.3971389E+01     0.5122157E+02
     0.3948777E+01     0.5121566E+02
     0.3939692E+01     0.5121646E+02
     0.3929985E+01     0.5122257E+02
     0.3923254E+01     0.5122085E+02
     0.3913034E+01     0.5120975E+02
     0.3895924E+01     0.5120776E+02
     0.3884904E+01     0.5120884E+02
     0.3882752E+01     0.5121239E+02
     0.3888717E+01     0.5121737E+02
     0.3890972E+01     0.5122465E+02
     0.3885277E+01     0.5122794E+02
     0.3879013E+01     0.5122742E+02
     0.3870539E+01     0.5121981E+02
     0.3864033E+01     0.5121397E+02
     0.3845011E+01     0.5121191E+02
     0.3803222E+01     0.5121457E+02
     0.3790823E+01     0.5121974E+02
     0.3788564E+01     0.5123669E+02
     0.3790832E+01     0.5125154E+02
     0.3794011E+01     0.5125713E+02
     0.3790910E+01     0.5126237E+02
     0.3778818E+01     0.5126686E+02
     0.3768566E+01     0.5126451E+02
     0.3757600E+01     0.5127247E+02
     0.3755910E+01     0.5127257E+02
     0.3741911E+01     0.5127341E+02
     0.3729337E+01     0.5127289E+02
     0.3714146E+01     0.5127454E+02
     0.3692010E+01     0.5128131E+02
     0.3658956E+01     0.5128348E+02
     0.3652379E+01     0.5128724E+02
     0.3641110E+01     0.5128761E+02
     0.3633249E+01     0.5129014E+02
     0.3604026E+01     0.5130357E+02
     0.3593386E+01     0.5130654E+02
     0.3588558E+01     0.5130502E+02
     0.3586085E+01     0.5130134E+02
     0.3586838E+01     0.5129105E+02
     0.3583928E+01     0.5128959E+02
     0.3579270E+01     0.5129165E+02
     0.3568621E+01     0.5129636E+02
     0.3564752E+01     0.5129677E+02
     0.3553523E+01     0.5129283E+02
     0.3543875E+01     0.5128980E+02
     0.3525888E+01     0.5129563E+02
     0.3522356E+01     0.5129519E+02
     0.3520880E+01     0.5129290E+02
     0.3530055E+01     0.5125071E+02
     0.3499144E+01     0.5124635E+02
     0.3459818E+01     0.5124467E+02
     0.3447698E+01     0.5124551E+02
     0.3437677E+01     0.5124761E+02
     0.3432661E+01     0.5124866E+02
     0.3426131E+01     0.5125878E+02
     0.3419618E+01     0.5126151E+02
     0.3402501E+01     0.5127236E+02
     0.3381565E+01     0.5128563E+02
     0.3364625E+01     0.5129886E+02
     0.3364932E+01     0.5130197E+02
     0.3368082E+01     0.5130378E+02
     0.3373062E+01     0.5130325E+02
     0.3374023E+01     0.5130500E+02
     0.3362550E+01     0.5131840E+02
     0.3384041E+01     0.5133144E+02
     0.3386742E+01     0.5133909E+02
     0.3383442E+01     0.5134621E+02
     0.3372535E+01     0.5136494E+02
     0.3372535E+01     0.5136494E+02
END
END
