Germany
49
     0.7400000E+01     0.5078000E+02
     0.8020221E+01     0.4876530E+02
     0.8023747E+01     0.4876847E+02
     0.8029333E+01     0.4878531E+02
     0.8036753E+01     0.4879231E+02
     0.8041635E+01     0.4879432E+02
     0.8049239E+01     0.4879469E+02
     0.8060232E+01     0.4879251E+02
     0.8067849E+01     0.4879334E+02
     0.8077945E+01     0.4879665E+02
     0.8090241E+01     0.4880497E+02
     0.8100858E+01     0.4881490E+02
     0.8108732E+01     0.4882555E+02
     0.8116570E+01     0.4884785E+02
     0.8120652E+01     0.4885854E+02
     0.8119725E+01     0.4886266E+02
     0.8139831E+01     0.4889165E+02
     0.8150312E+01     0.4890731E+02
     0.8183349E+01     0.4893821E+02
     0.8199892E+01     0.4896017E+02
     0.8235493E+01     0.4896933E+02
     0.8232914E+01     0.4897171E+02
     0.8225702E+01     0.4897836E+02
     0.8221544E+01     0.4897842E+02
     0.8207127E+01     0.4897105E+02
     0.8201596E+01     0.4897158E+02
     0.8194405E+01     0.4897464E+02
     0.8190702E+01     0.4897857E+02
     0.8165236E+01     0.4897926E+02
     0.8160226E+01     0.4897939E+02
     0.8140871E+01     0.4898145E+02
     0.8115708E+01     0.4898677E+02
     0.8071017E+01     0.4900144E+02
     0.8065973E+01     0.4900766E+02
     0.8052976E+01     0.4901489E+02
     0.8038525E+01     0.4901962E+02
     0.8018847E+01     0.4902348E+02
     0.8013721E+01     0.4902673E+02
     0.7997194E+01     0.4903193E+02
     0.7977683E+01     0.4902848E+02
     0.7971632E+01     0.4903677E+02
     0.7962780E+01     0.4904417E+02
     0.7958332E+01     0.4904696E+02
     0.7951418E+01     0.4904817E+02
     0.7943277E+01     0.4905647E+02
     0.7940516E+01     0.4905719E+02
     0.7933203E+01     0.4905612E+02
     0.7925359E+01     0.4904683E+02
     0.7917343E+01     0.4904530E+02
     0.7889947E+01     0.4904625E+02
     0.7878448E+01     0.4904408E+02
     0.7866840E+01     0.4903664E+02
     0.7860614E+01     0.4903761E+02
     0.7850709E+01     0.4904525E+02
     0.7834913E+01     0.4904905E+02
     0.7831024E+01     0.4904999E+02
     0.7803240E+01     0.4906668E+02
     0.7797339E+01     0.4906674E+02
     0.7792017E+01     0.4906084E+02
     0.7782592E+01     0.4905818E+02
     0.7776934E+01     0.4905275E+02
     0.7769573E+01     0.4904892E+02
     0.7760524E+01     0.4904763E+02
     0.7739692E+01     0.4904711E+02
     0.7734307E+01     0.4905629E+02
     0.7729109E+01     0.4905679E+02
     0.7724217E+01     0.4905500E+02
     0.7715884E+01     0.4905484E+02
     0.7701731E+01     0.4905930E+02
     0.7699863E+01     0.4905177E+02
     0.7688697E+01     0.4904942E+02
     0.7678963E+01     0.4904736E+02
     0.7668225E+01     0.4904858E+02
     0.7652346E+01     0.4905373E+02
     0.7646797E+01     0.4905399E+02
     0.7639583E+01     0.4905862E+02
     0.7635976E+01     0.4907166E+02
     0.7632205E+01     0.4907466E+02
     0.7604919E+01     0.4908399E+02
     0.7593794E+01     0.4908338E+02
     0.7581253E+01     0.4908072E+02
     0.7567716E+01     0.4908127E+02
     0.7551498E+01     0.4908846E+02
     0.7540141E+01     0.4909584E+02
     0.7536273E+01     0.4909916E+02
     0.7533961E+01     0.4910114E+02
     0.7531961E+01     0.4910709E+02
     0.7518960E+01     0.4912179E+02
     0.7510991E+01     0.4912366E+02
     0.7503818E+01     0.4913308E+02
     0.7496565E+01     0.4913678E+02
     0.7494190E+01     0.4914113E+02
     0.7495970E+01     0.4914432E+02
     0.7505762E+01     0.4914837E+02
     0.7510335E+01     0.4915223E+02
     0.7504477E+01     0.4915615E+02
     0.7488493E+01     0.4915739E+02
     0.7491365E+01     0.4916422E+02
     0.7489665E+01     0.4916720E+02
     0.7486195E+01     0.4916791E+02
     0.7444393E+01     0.4916357E+02
     0.7443459E+01     0.4916426E+02
     0.7441290E+01     0.4916587E+02
     0.7442358E+01     0.4916793E+02
     0.7448307E+01     0.4917064E+02
     0.7445250E+01     0.4917682E+02
     0.7448803E+01     0.4918274E+02
     0.7434180E+01     0.4918214E+02
     0.7372111E+01     0.4917080E+02
     0.7368950E+01     0.4916807E+02
     0.7370281E+01     0.4916235E+02
     0.7364970E+01     0.4915347E+02
     0.7365602E+01     0.4914752E+02
     0.7359290E+01     0.4914252E+02
     0.7331846E+01     0.4914516E+02
     0.7329048E+01     0.4914360E+02
     0.7321707E+01     0.4913949E+02
     0.7315710E+01     0.4913038E+02
     0.7312572E+01     0.4912948E+02
     0.7298191E+01     0.4911537E+02
     0.7290901E+01     0.4911632E+02
     0.7287801E+01     0.4911953E+02
     0.7287840E+01     0.4912387E+02
     0.7267331E+01     0.4912372E+02
     0.7247921E+01     0.4913042E+02
     0.7222865E+01     0.4912685E+02
     0.7212413E+01     0.4912369E+02
     0.7202286E+01     0.4911710E+02
     0.7197819E+01     0.4912442E+02
     0.7190212E+01     0.4913016E+02
     0.7155229E+01     0.4912393E+02
     0.7148124E+01     0.4912721E+02
     0.7128067E+01     0.4913961E+02
     0.7110193E+01     0.4913964E+02
     0.7108497E+01     0.4914132E+02
     0.7111926E+01     0.4914746E+02
     0.7111951E+01     0.4915360E+02
     0.7106851E+01     0.4915585E+02
     0.7094072E+01     0.4915419E+02
     0.7085538E+01     0.4914862E+02
     0.7088033E+01     0.4913186E+02
     0.7083128E+01     0.4912724E+02
     0.7070969E+01     0.4911611E+02
     0.7064356E+01     0.4911430E+02
     0.7056715E+01     0.4911500E+02
     0.7050821E+01     0.4911753E+02
     0.7048760E+01     0.4912211E+02
     0.7047817E+01     0.4914039E+02
     0.7044730E+01     0.4914840E+02
     0.7035395E+01     0.4915870E+02
     0.7032683E+01     0.4917265E+02
     0.7032710E+01     0.4917790E+02
     0.7037976E+01     0.4918680E+02
     0.7036948E+01     0.4919497E+02
     0.7014850E+01     0.4918951E+02
     0.7008598E+01     0.4919363E+02
     0.7000591E+01     0.4919342E+02
     0.6986694E+01     0.4920349E+02
     0.6977999E+01     0.4920715E+02
     0.6957458E+01     0.4920832E+02
     0.6940064E+01     0.4921793E+02
     0.6930317E+01     0.4922114E+02
     0.6922655E+01     0.4922091E+02
     0.6917775E+01     0.4921818E+02
     0.6894784E+01     0.4921111E+02
     0.6886079E+01     0.4921180E+02
     0.6880161E+01     0.4921408E+02
     0.6866580E+01     0.4921957E+02
     0.6856132E+01     0.4921980E+02
     0.6852300E+01     0.4921980E+02
     0.6846729E+01     0.4921546E+02
     0.6839767E+01     0.4921020E+02
     0.6854393E+01     0.4919969E+02
     0.6859615E+01     0.4918758E+02
     0.6862400E+01     0.4918347E+02
     0.6861356E+01     0.4917547E+02
     0.6847439E+01     0.4917182E+02
     0.6843616E+01     0.4916017E+02
     0.6839096E+01     0.4915583E+02
     0.6836315E+01     0.4915377E+02
     0.6823791E+01     0.4915719E+02
     0.6794559E+01     0.4916769E+02
     0.6782727E+01     0.4916974E+02
     0.6770206E+01     0.4916768E+02
     0.6766734E+01     0.4916402E+02
     0.6758378E+01     0.4916744E+02
     0.6746550E+01     0.4916721E+02
     0.6732141E+01     0.4916809E+02
     0.6715868E+01     0.4918911E+02
     0.6731135E+01     0.4920649E+02
     0.6725883E+01     0.4921654E+02
     0.6722389E+01     0.4922065E+02
     0.6715773E+01     0.4922018E+02
     0.6703253E+01     0.4921445E+02
     0.6695591E+01     0.4921490E+02
     0.6691751E+01     0.4921718E+02
     0.6686114E+01     0.4923499E+02
     0.6688176E+01     0.4924276E+02
     0.6688422E+01     0.4924893E+02
     0.6688496E+01     0.4925076E+02
     0.6684996E+01     0.4925441E+02
     0.6666871E+01     0.4925484E+02
     0.6664413E+01     0.4925918E+02
     0.6670285E+01     0.4927244E+02
     0.6669208E+01     0.4928021E+02
     0.6656994E+01     0.4928225E+02
     0.6645439E+01     0.4929251E+02
     0.6628660E+01     0.4929979E+02
     0.6614337E+01     0.4930342E+02
     0.6591925E+01     0.4931799E+02
     0.6590863E+01     0.4932073E+02
     0.6595365E+01     0.4932691E+02
     0.6591838E+01     0.4933330E+02
     0.6591838E+01     0.4933330E+02
     0.6572590E+01     0.4934102E+02
     0.6570449E+01     0.4934856E+02
     0.6572139E+01     0.4935770E+02
     0.6579823E+01     0.4935795E+02
     0.6591040E+01     0.4935089E+02
     0.6599030E+01     0.4935868E+02
     0.6602491E+01     0.4936440E+02
     0.6601078E+01     0.4936737E+02
     0.6588450E+01     0.4937602E+02
     0.6589818E+01     0.4938128E+02
     0.6587346E+01     0.4938585E+02
     0.6582437E+01     0.4938858E+02
     0.6571604E+01     0.4938809E+02
     0.6566702E+01     0.4938945E+02
     0.6552654E+01     0.4939970E+02
     0.6543889E+01     0.4940356E+02
     0.6543467E+01     0.4940612E+02
     0.6542796E+01     0.4941018E+02
     0.6545209E+01     0.4941522E+02
     0.6548691E+01     0.4941751E+02
     0.6555308E+01     0.4942187E+02
     0.6543682E+01     0.4943441E+02
     0.6541165E+01     0.4943468E+02
     0.6523374E+01     0.4943664E+02
     0.6503685E+01     0.4944938E+02
     0.6487916E+01     0.4945184E+02
     0.6475959E+01     0.4945889E+02
     0.6462294E+01     0.4946044E+02
     0.6445794E+01     0.4946587E+02
     0.6429967E+01     0.4947380E+02
     0.6422971E+01     0.4947309E+02
     0.6405193E+01     0.4946480E+02
     0.6396460E+01     0.4946294E+02
     0.6386998E+01     0.4946381E+02
     0.6374592E+01     0.4945884E+02
     0.6370512E+01     0.4946694E+02
     0.6373446E+01     0.4948798E+02
     0.6370933E+01     0.4949391E+02
     0.6373340E+01     0.4949826E+02
     0.6363259E+01     0.4952404E+02
     0.6365262E+01     0.4953365E+02
     0.6375701E+01     0.4954124E+02
     0.6382939E+01     0.4954674E+02
     0.6385372E+01     0.4955590E+02
     0.6381465E+01     0.4956068E+02
     0.6364522E+01     0.4957067E+02
     0.6369737E+01     0.4957526E+02
     0.6382374E+01     0.4957486E+02
     0.6386192E+01     0.4957899E+02
     0.6379090E+01     0.4958718E+02
     0.6383237E+01     0.4959360E+02
     0.6388473E+01     0.4959660E+02
     0.6402131E+01     0.4960008E+02
     0.6409000E+01     0.4960703E+02
     0.6425839E+01     0.4961800E+02
     0.6432032E+01     0.4963219E+02
     0.6441737E+01     0.4964708E+02
     0.6444474E+01     0.4965554E+02
     0.6438089E+01     0.4966192E+02
     0.6436700E+01     0.4966009E+02
     0.6431076E+01     0.4966007E+02
     0.6427531E+01     0.4966325E+02
     0.6440101E+01     0.4967290E+02
     0.6444312E+01     0.4967383E+02
     0.6450588E+01     0.4968002E+02
     0.6466657E+01     0.4969287E+02
     0.6476134E+01     0.4969542E+02
     0.6490837E+01     0.4970484E+02
     0.6499584E+01     0.4971127E+02
     0.6502003E+01     0.4971699E+02
     0.6495972E+01     0.4972314E+02
     0.6499460E+01     0.4972726E+02
     0.6503329E+01     0.4972773E+02
     0.6516395E+01     0.4972229E+02
     0.6515297E+01     0.4972800E+02
     0.6504301E+01     0.4973893E+02
     0.6501794E+01     0.4974441E+02
     0.6502097E+01     0.4975081E+02
     0.6506280E+01     0.4975654E+02
     0.6518574E+01     0.4976138E+02
     0.6521017E+01     0.4976458E+02
     0.6517948E+01     0.4976888E+02
     0.6513185E+01     0.4977553E+02
     0.6516647E+01     0.4978400E+02
     0.6507079E+01     0.4979082E+02
     0.6514461E+01     0.4979359E+02
     0.6524280E+01     0.4980093E+02
     0.6528460E+01     0.4980803E+02
     0.6527001E+01     0.4981488E+02
     0.6518558E+01     0.4981189E+02
     0.6513667E+01     0.4980570E+02
     0.6508698E+01     0.4981003E+02
     0.6503392E+01     0.4981207E+02
     0.6492105E+01     0.4981226E+02
     0.6481146E+01     0.4981543E+02
     0.6477592E+01     0.4981885E+02
     0.6469449E+01     0.4982248E+02
     0.6456482E+01     0.4981260E+02
     0.6450137E+01     0.4981236E+02
     0.6442361E+01     0.4981416E+02
     0.6425762E+01     0.4981661E+02
     0.6413733E+01     0.4981831E+02
     0.6408456E+01     0.4981906E+02
     0.6367202E+01     0.4985112E+02
     0.6348498E+01     0.4985081E+02
     0.6335925E+01     0.4983886E+02
     0.6326740E+01     0.4983974E+02
     0.6322464E+01     0.4984338E+02
     0.6324182E+01     0.4984750E+02
     0.6322686E+01     0.4985480E+02
     0.6314365E+01     0.4987214E+02
     0.6304866E+01     0.4986912E+02
     0.6294761E+01     0.4986954E+02
     0.6285668E+01     0.4987977E+02
     0.6276847E+01     0.4987904E+02
     0.6263013E+01     0.4988377E+02
     0.6257265E+01     0.4989128E+02
     0.6249069E+01     0.4989672E+02
     0.6242685E+01     0.4989852E+02
     0.6230485E+01     0.4991240E+02
     0.6235010E+01     0.4991768E+02
     0.6226015E+01     0.4992929E+02
     0.6226949E+01     0.4993866E+02
     0.6219777E+01     0.4994594E+02
     0.6217570E+01     0.4995210E+02
     0.6203750E+01     0.4995385E+02
     0.6199116E+01     0.4995634E+02
     0.6196922E+01     0.4996135E+02
     0.6180672E+01     0.4995966E+02
     0.6170629E+01     0.4996897E+02
     0.6167353E+01     0.4997512E+02
     0.6172482E+01     0.4998727E+02
     0.6169263E+01     0.4998954E+02
     0.6158266E+01     0.4999107E+02
     0.6153271E+01     0.4999355E+02
     0.6150381E+01     0.4999742E+02
     0.6142329E+01     0.5000000E+02
     0.6152682E+01     0.5000909E+02
     0.6151926E+01     0.5001229E+02
     0.6147985E+01     0.5001524E+02
     0.6138380E+01     0.5001792E+02
     0.6148533E+01     0.5002576E+02
     0.6133881E+01     0.5003389E+02
     0.6131711E+01     0.5003662E+02
     0.6136190E+01     0.5004488E+02
     0.6130735E+01     0.5005376E+02
     0.6118885E+01     0.5006329E+02
     0.6119193E+01     0.5006626E+02
     0.6125485E+01     0.5007201E+02
     0.6117933E+01     0.5007860E+02
     0.6121715E+01     0.5008617E+02
     0.6118750E+01     0.5009415E+02
     0.6125111E+01     0.5009579E+02
     0.6129737E+01     0.5009490E+02
     0.6133970E+01     0.5009653E+02
     0.6126056E+01     0.5010334E+02
     0.6130974E+01     0.5010657E+02
     0.6134029E+01     0.5011551E+02
     0.6129340E+01     0.5012027E+02
     0.6132123E+01     0.5012395E+02
     0.6140916E+01     0.5012926E+02
     0.6138020E+01     0.5013290E+02
     0.6145016E+01     0.5013980E+02
     0.6151050E+01     0.5014007E+02
     0.6157355E+01     0.5014582E+02
     0.6153314E+01     0.5015472E+02
     0.6141587E+01     0.5015487E+02
     0.6147235E+01     0.5015964E+02
     0.6148953E+01     0.5016109E+02
     0.6142420E+01     0.5016996E+02
     0.6150772E+01     0.5018167E+02
     0.6160420E+01     0.5017830E+02
     0.6164979E+01     0.5018245E+02
     0.6171712E+01     0.5018386E+02
     0.6190940E+01     0.5018169E+02
     0.6193347E+01     0.5018742E+02
     0.6187174E+01     0.5019629E+02
     0.6188116E+01     0.5020499E+02
     0.6185826E+01     0.5021572E+02
     0.6181135E+01     0.5022026E+02
     0.6173278E+01     0.5022227E+02
     0.6168247E+01     0.5022567E+02
     0.6176376E+01     0.5022938E+02
     0.6175960E+01     0.5023349E+02
     0.6179434E+01     0.5023923E+02
     0.6186234E+01     0.5024012E+02
     0.6193317E+01     0.5023908E+02
     0.6199688E+01     0.5024163E+02
     0.6205302E+01     0.5024738E+02
     0.6207694E+01     0.5025448E+02
     0.6211925E+01     0.5025747E+02
     0.6223995E+01     0.5026006E+02
     0.6231429E+01     0.5026330E+02
     0.6250267E+01     0.5026591E+02
     0.6259122E+01     0.5026962E+02
     0.6278008E+01     0.5026880E+02
     0.6295675E+01     0.5028032E+02
     0.6288834E+01     0.5028622E+02
     0.6290856E+01     0.5029561E+02
     0.6296862E+01     0.5029998E+02
     0.6299947E+01     0.5031005E+02
     0.6304228E+01     0.5031274E+02
     0.6309500E+01     0.5031604E+02
     0.6312995E+01     0.5032201E+02
     0.6323688E+01     0.5032228E+02
     0.6326876E+01     0.5032413E+02
     0.6333299E+01     0.5032370E+02
     0.6352252E+01     0.5031852E+02
     0.6360518E+01     0.5031239E+02
     0.6388569E+01     0.5032325E+02
     0.6401402E+01     0.5032353E+02
     0.6403867E+01     0.5032674E+02
     0.6399408E+01     0.5034478E+02
     0.6371774E+01     0.5036067E+02
     0.6368162E+01     0.5036477E+02
     0.6362403E+01     0.5036932E+02
     0.6342652E+01     0.5038021E+02
     0.6346855E+01     0.5038754E+02
     0.6369120E+01     0.5040913E+02
     0.6365798E+01     0.5041917E+02
     0.6368928E+01     0.5042719E+02
     0.6378126E+01     0.5043614E+02
     0.6376908E+01     0.5045008E+02
     0.6345310E+01     0.5046230E+02
     0.6342140E+01     0.5047058E+02
     0.6348688E+01     0.5048014E+02
     0.6347882E+01     0.5048837E+02
     0.6333147E+01     0.5049402E+02
     0.6313430E+01     0.5049690E+02
     0.6310191E+01     0.5049849E+02
     0.6296256E+01     0.5049659E+02
     0.6291950E+01     0.5049749E+02
     0.6284369E+01     0.5050271E+02
     0.6271135E+01     0.5050196E+02
     0.6264361E+01     0.5049986E+02
     0.6255731E+01     0.5050302E+02
     0.6248226E+01     0.5050207E+02
     0.6233633E+01     0.5049604E+02
     0.6227901E+01     0.5049647E+02
     0.6219467E+01     0.5051106E+02
     0.6213727E+01     0.5051194E+02
     0.6211593E+01     0.5051434E+02
     0.6206450E+01     0.5052013E+02
     0.6195940E+01     0.5052899E+02
     0.6199820E+01     0.5053312E+02
     0.6200123E+01     0.5053701E+02
     0.6196478E+01     0.5054134E+02
     0.6191845E+01     0.5053971E+02
     0.6185009E+01     0.5054173E+02
     0.6182090E+01     0.5054537E+02
     0.6182676E+01     0.5055429E+02
     0.6178670E+01     0.5055861E+02
     0.6203581E+01     0.5057087E+02
     0.6210664E+01     0.5057708E+02
     0.6225604E+01     0.5058562E+02
     0.6230879E+01     0.5059320E+02
     0.6236629E+01     0.5059232E+02
     0.6244950E+01     0.5058687E+02
     0.6249930E+01     0.5058987E+02
     0.6254747E+01     0.5060544E+02
     0.6264720E+01     0.5061098E+02
     0.6272861E+01     0.5061971E+02
     0.6272761E+01     0.5062748E+02
     0.6249112E+01     0.5062462E+02
     0.6237969E+01     0.5062593E+02
     0.6218155E+01     0.5063131E+02
     0.6201982E+01     0.5063282E+02
     0.6192358E+01     0.5062819E+02
     0.6185907E+01     0.5062747E+02
     0.6183362E+01     0.5062974E+02
     0.6184036E+01     0.5063272E+02
     0.6177528E+01     0.5063588E+02
     0.6172035E+01     0.5064317E+02
     0.6190801E+01     0.5065458E+02
     0.6175404E+01     0.5065805E+02
     0.6171396E+01     0.5066335E+02
     0.6164044E+01     0.5067307E+02
     0.6159350E+01     0.5067464E+02
     0.6155338E+01     0.5067850E+02
     0.6124018E+01     0.5070484E+02
     0.6120636E+01     0.5071396E+02
     0.6112577E+01     0.5072306E+02
     0.6070136E+01     0.5072323E+02
     0.6063623E+01     0.5072548E+02
     0.6057514E+01     0.5072520E+02
     0.6050050E+01     0.5072012E+02
     0.6038890E+01     0.5072073E+02
     0.6035494E+01     0.5072963E+02
     0.6043180E+01     0.5074248E+02
     0.6040204E+01     0.5074795E+02
     0.6025336E+01     0.5075425E+02
     0.6023048E+01     0.5076132E+02
     0.6026129E+01     0.5077003E+02
     0.6025306E+01     0.5077574E+02
     0.6019852E+01     0.5077867E+02
     0.5992186E+01     0.5079448E+02
     0.5984588E+01     0.5079625E+02
     0.5978031E+01     0.5080008E+02
     0.5981106E+01     0.5080880E+02
     0.5988281E+01     0.5081045E+02
     0.5998468E+01     0.5080527E+02
     0.6008936E+01     0.5080420E+02
     0.6023125E+01     0.5081642E+02
     0.6028336E+01     0.5082721E+02
     0.6020935E+01     0.5083767E+02
     0.6025766E+01     0.5084960E+02
     0.6033638E+01     0.5085308E+02
     0.6045871E+01     0.5085477E+02
     0.6050875E+01     0.5085732E+02
     0.6066087E+01     0.5085376E+02
     0.6074401E+01     0.5085268E+02
     0.6077266E+01     0.5085384E+02
     0.6079212E+01     0.5086666E+02
     0.6084918E+01     0.5087058E+02
     0.6094222E+01     0.5087522E+02
     0.6088489E+01     0.5088202E+02
     0.6077034E+01     0.5088955E+02
     0.6081508E+01     0.5090143E+02
     0.6079280E+01     0.5090507E+02
     0.6080297E+01     0.5090897E+02
     0.6086000E+01     0.5091335E+02
     0.6087027E+01     0.5091678E+02
     0.6085093E+01     0.5092432E+02
     0.6061913E+01     0.5092782E+02
     0.6056797E+01     0.5093121E+02
     0.6026357E+01     0.5093626E+02
     0.6021249E+01     0.5093897E+02
     0.6017509E+01     0.5094580E+02
     0.6017720E+01     0.5095403E+02
     0.6007111E+01     0.5096082E+02
     0.6013184E+01     0.5096475E+02
     0.6023102E+01     0.5097602E+02
     0.6029228E+01     0.5097721E+02
     0.6033132E+01     0.5098135E+02
     0.6028347E+01     0.5098589E+02
     0.6002612E+01     0.5098629E+02
     0.5997954E+01     0.5098636E+02
     0.5970168E+01     0.5098295E+02
     0.5962903E+01     0.5098450E+02
     0.5951918E+01     0.5099127E+02
     0.5942518E+01     0.5099097E+02
     0.5925310E+01     0.5098329E+02
     0.5900101E+01     0.5097805E+02
     0.5892068E+01     0.5098164E+02
     0.5903141E+01     0.5098837E+02
     0.5905596E+01     0.5099205E+02
     0.5904710E+01     0.5099981E+02
     0.5898840E+01     0.5100365E+02
     0.5896878E+01     0.5101096E+02
     0.5880393E+01     0.5102019E+02
     0.5877732E+01     0.5102612E+02
     0.5881836E+01     0.5103735E+02
     0.5865627E+01     0.5105002E+02
     0.5882720E+01     0.5105444E+02
     0.5887603E+01     0.5105569E+02
     0.5909756E+01     0.5107051E+02
     0.5916311E+01     0.5106897E+02
     0.5922351E+01     0.5105712E+02
     0.5934977E+01     0.5104190E+02
     0.5942256E+01     0.5104013E+02
     0.5956324E+01     0.5104298E+02
     0.5968506E+01     0.5104971E+02
     0.5972541E+01     0.5106575E+02
     0.5984371E+01     0.5107246E+02
     0.5999200E+01     0.5108698E+02
     0.6000384E+01     0.5108813E+02
     0.6019052E+01     0.5109810E+02
     0.6034979E+01     0.5109959E+02
     0.6054385E+01     0.5110955E+02
     0.6064331E+01     0.5112151E+02
     0.6073743E+01     0.5112271E+02
     0.6085648E+01     0.5112668E+02
     0.6094904E+01     0.5113726E+02
     0.6098506E+01     0.5113889E+02
     0.6127449E+01     0.5114456E+02
     0.6157431E+01     0.5115388E+02
     0.6172235E+01     0.5115923E+02
     0.6174009E+01     0.5116199E+02
     0.6171409E+01     0.5116586E+02
     0.6155707E+01     0.5117148E+02
     0.6143648E+01     0.5117621E+02
     0.6150121E+01     0.5118037E+02
     0.6183401E+01     0.5118971E+02
     0.6168361E+01     0.5119923E+02
     0.6125345E+01     0.5118502E+02
     0.6115298E+01     0.5117741E+02
     0.6091030E+01     0.5117337E+02
     0.6085176E+01     0.5117584E+02
     0.6076252E+01     0.5118790E+02
     0.6070936E+01     0.5122217E+02
     0.6075247E+01     0.5122517E+02
     0.6084688E+01     0.5122591E+02
     0.6086096E+01     0.5122867E+02
     0.6075667E+01     0.5124301E+02
     0.6076459E+01     0.5124509E+02
     0.6076711E+01     0.5124576E+02
     0.6101940E+01     0.5125987E+02
     0.6128196E+01     0.5127901E+02
     0.6134565E+01     0.5129049E+02
     0.6160032E+01     0.5131556E+02
     0.6162820E+01     0.5132381E+02
     0.6171047E+01     0.5133392E+02
     0.6180830E+01     0.5133786E+02
     0.6196131E+01     0.5133841E+02
     0.6207256E+01     0.5135059E+02
     0.6225337E+01     0.5136121E+02
     0.6226643E+01     0.5137219E+02
     0.6217995E+01     0.5139043E+02
     0.6232772E+01     0.5140377E+02
     0.6212361E+01     0.5140161E+02
     0.6210080E+01     0.5140800E+02
     0.6210691E+01     0.5141623E+02
     0.6217425E+01     0.5143068E+02
     0.6217450E+01     0.5143774E+02
     0.6217498E+01     0.5145126E+02
     0.6225495E+01     0.5145427E+02
     0.6226669E+01     0.5147486E+02
     0.6219506E+01     0.5149014E+02
     0.6218888E+01     0.5150797E+02
     0.6208404E+01     0.5152460E+02
     0.6202109E+01     0.5152960E+02
     0.6180353E+01     0.5154023E+02
     0.6173289E+01     0.5154976E+02
     0.6161282E+01     0.5156596E+02
     0.6132456E+01     0.5158156E+02
     0.6123849E+01     0.5159248E+02
     0.6098344E+01     0.5160513E+02
     0.6096731E+01     0.5161381E+02
     0.6098448E+01     0.5162068E+02
     0.6104259E+01     0.5162415E+02
     0.6113451E+01     0.5164501E+02
     0.6120996E+01     0.5165296E+02
     0.6121748E+01     0.5165375E+02
     0.6120595E+01     0.5165694E+02
     0.6112827E+01     0.5166056E+02
     0.6055776E+01     0.5166887E+02
     0.6033627E+01     0.5167535E+02
     0.6031927E+01     0.5168792E+02
     0.6032944E+01     0.5169250E+02
     0.6037269E+01     0.5169710E+02
     0.6031641E+01     0.5170346E+02
     0.6035177E+01     0.5171104E+02
     0.6042109E+01     0.5171383E+02
     0.6054572E+01     0.5171574E+02
     0.6040519E+01     0.5172045E+02
     0.6037498E+01     0.5172287E+02
     0.6032311E+01     0.5172702E+02
     0.5996420E+01     0.5173889E+02
     0.5961080E+01     0.5174068E+02
     0.5957216E+01     0.5175003E+02
     0.5960103E+01     0.5175280E+02
     0.5984170E+01     0.5176372E+02
     0.5989608E+01     0.5176788E+02
     0.5990780E+01     0.5178344E+02
     0.5982589E+01     0.5178818E+02
     0.5974401E+01     0.5179269E+02
     0.5976196E+01     0.5179499E+02
     0.5967929E+01     0.5180339E+02
     0.5970048E+01     0.5180798E+02
     0.5953720E+01     0.5181403E+02
     0.5951712E+01     0.5182225E+02
     0.5952670E+01     0.5182957E+02
     0.5956235E+01     0.5183554E+02
     0.5964746E+01     0.5183378E+02
     0.5975032E+01     0.5183545E+02
     0.5999791E+01     0.5183198E+02
     0.6018480E+01     0.5183760E+02
     0.6023541E+01     0.5184289E+02
     0.6054304E+01     0.5185172E+02
     0.6059481E+01     0.5185320E+02
     0.6059411E+01     0.5185709E+02
     0.6068843E+01     0.5186584E+02
     0.6075947E+01     0.5186250E+02
     0.6100800E+01     0.5185164E+02
     0.6142874E+01     0.5184870E+02
     0.6167259E+01     0.5184518E+02
     0.6162254E+01     0.5185888E+02
     0.6162885E+01     0.5186574E+02
     0.6155435E+01     0.5187049E+02
     0.6148728E+01     0.5187480E+02
     0.6149010E+01     0.5188029E+02
     0.6134074E+01     0.5189140E+02
     0.6111476E+01     0.5189675E+02
     0.6123182E+01     0.5190300E+02
     0.6143355E+01     0.5190250E+02
     0.6151209E+01     0.5190454E+02
     0.6167160E+01     0.5189938E+02
     0.6174109E+01     0.5190353E+02
     0.6193100E+01     0.5189220E+02
     0.6191351E+01     0.5188579E+02
     0.6196580E+01     0.5188148E+02
     0.6214784E+01     0.5187266E+02
     0.6214784E+01     0.5187266E+02
     0.6225404E+01     0.5186822E+02
     0.6252216E+01     0.5187082E+02
     0.6260419E+01     0.5186902E+02
     0.6267023E+01     0.5186962E+02
     0.6274826E+01     0.5187462E+02
     0.6280828E+01     0.5187522E+02
     0.6294034E+01     0.5187182E+02
     0.6302638E+01     0.5186782E+02
     0.6314043E+01     0.5184921E+02
     0.6314043E+01     0.5184921E+02
     0.6324558E+01     0.5185330E+02
     0.6352215E+01     0.5185274E+02
     0.6358873E+01     0.5185071E+02
     0.6366311E+01     0.5184479E+02
     0.6370448E+01     0.5183727E+02
     0.6391459E+01     0.5183689E+02
     0.6400733E+01     0.5183098E+02
     0.6409974E+01     0.5182804E+02
     0.6410210E+01     0.5184130E+02
     0.6408326E+01     0.5184541E+02
     0.6412680E+01     0.5185229E+02
     0.6411542E+01     0.5185549E+02
     0.6403466E+01     0.5185973E+02
     0.6393378E+01     0.5186502E+02
     0.6395110E+01     0.5187577E+02
     0.6406223E+01     0.5187101E+02
     0.6420971E+01     0.5187152E+02
     0.6428011E+01     0.5186812E+02
     0.6434706E+01     0.5186220E+02
     0.6442447E+01     0.5186246E+02
     0.6454567E+01     0.5186776E+02
     0.6458261E+01     0.5186708E+02
     0.6467927E+01     0.5185820E+02
     0.6479381E+01     0.5185549E+02
     0.6500727E+01     0.5186013E+02
     0.6507689E+01     0.5186563E+02
     0.6511333E+01     0.5187136E+02
     0.6528274E+01     0.5187461E+02
     0.6532743E+01     0.5187692E+02
     0.6549590E+01     0.5188564E+02
     0.6560299E+01     0.5188407E+02
     0.6585697E+01     0.5189350E+02
     0.6635838E+01     0.5190206E+02
     0.6672318E+01     0.5191538E+02
     0.6680802E+01     0.5191699E+02
     0.6697056E+01     0.5191450E+02
     0.6709328E+01     0.5190428E+02
     0.6711864E+01     0.5190217E+02
     0.6720733E+01     0.5189829E+02
     0.6727378E+01     0.5189761E+02
     0.6732911E+01     0.5189830E+02
     0.6741013E+01     0.5190472E+02
     0.6750236E+01     0.5190655E+02
     0.6757602E+01     0.5191342E+02
     0.6770147E+01     0.5191617E+02
     0.6775606E+01     0.5191956E+02
     0.6787850E+01     0.5192715E+02
     0.6799270E+01     0.5194682E+02
     0.6802948E+01     0.5195894E+02
     0.6828073E+01     0.5196329E+02
     0.6832137E+01     0.5196512E+02
     0.6835829E+01     0.5197107E+02
     0.6832498E+01     0.5197930E+02
     0.6833602E+01     0.5198547E+02
     0.6827311E+01     0.5199302E+02
     0.6813257E+01     0.5199461E+02
     0.6812882E+01     0.5199896E+02
     0.6802884E+01     0.5200810E+02
     0.6791940E+01     0.5201366E+02
     0.6779927E+01     0.5201975E+02
     0.6771782E+01     0.5202180E+02
     0.6753251E+01     0.5203345E+02
     0.6723988E+01     0.5204074E+02
     0.6714718E+01     0.5204507E+02
     0.6692876E+01     0.5204436E+02
     0.6690231E+01     0.5205854E+02
     0.6698714E+01     0.5206815E+02
     0.6697587E+01     0.5207226E+02
     0.6700540E+01     0.5207524E+02
     0.6719423E+01     0.5207892E+02
     0.6733131E+01     0.5207939E+02
     0.6734136E+01     0.5207965E+02
     0.6740167E+01     0.5208123E+02
     0.6751266E+01     0.5208809E+02
     0.6747537E+01     0.5209724E+02
     0.6749012E+01     0.5209998E+02
     0.6757163E+01     0.5210227E+02
     0.6762679E+01     0.5212217E+02
     0.6831662E+01     0.5212288E+02
     0.6856882E+01     0.5212471E+02
     0.6874694E+01     0.5213614E+02
     0.6883603E+01     0.5215855E+02
     0.6897715E+01     0.5216769E+02
     0.6906631E+01     0.5217317E+02
     0.6908492E+01     0.5217774E+02
     0.6916667E+01     0.5218162E+02
     0.6938208E+01     0.5218298E+02
     0.6950841E+01     0.5218594E+02
     0.6957908E+01     0.5219051E+02
     0.6961266E+01     0.5219713E+02
     0.6974298E+01     0.5220924E+02
     0.6982694E+01     0.5222046E+02
     0.6990335E+01     0.5222911E+02
     0.6995174E+01     0.5223139E+02
     0.7002985E+01     0.5223230E+02
     0.7010417E+01     0.5223137E+02
     0.7029373E+01     0.5222997E+02
     0.7041645E+01     0.5223087E+02
     0.7059159E+01     0.5223998E+02
     0.7065879E+01     0.5224568E+02
     0.7064404E+01     0.5224843E+02
     0.7052904E+01     0.5225531E+02
     0.7045864E+01     0.5226218E+02
     0.7032174E+01     0.5228186E+02
     0.7036669E+01     0.5228917E+02
     0.7034120E+01     0.5230381E+02
     0.7040853E+01     0.5231134E+02
     0.7057714E+01     0.5233418E+02
     0.7061483E+01     0.5234377E+02
     0.7076080E+01     0.5235632E+02
     0.7077338E+01     0.5236781E+02
     0.7078031E+01     0.5237415E+02
     0.7066213E+01     0.5239978E+02
     0.7059519E+01     0.5240505E+02
     0.7039375E+01     0.5240760E+02
     0.7024891E+01     0.5242774E+02
     0.7013337E+01     0.5243393E+02
     0.7006307E+01     0.5245428E+02
     0.6997005E+01     0.5246733E+02
     0.6989919E+01     0.5247282E+02
     0.6981681E+01     0.5246780E+02
     0.6967814E+01     0.5245182E+02
     0.6956962E+01     0.5244360E+02
     0.6948705E+01     0.5244013E+02
     0.6942385E+01     0.5243950E+02
     0.6912511E+01     0.5244637E+02
     0.6856846E+01     0.5245531E+02
     0.6856097E+01     0.5246239E+02
     0.6853107E+01     0.5246308E+02
     0.6772010E+01     0.5246260E+02
     0.6760792E+01     0.5246534E+02
     0.6759336E+01     0.5246600E+02
     0.6722241E+01     0.5248291E+02
     0.6708397E+01     0.5248586E+02
     0.6702403E+01     0.5248906E+02
     0.6706387E+01     0.5252610E+02
     0.6683441E+01     0.5255487E+02
     0.6706927E+01     0.5255283E+02
     0.6719778E+01     0.5255172E+02
     0.6727231E+01     0.5256384E+02
     0.6730225E+01     0.5256453E+02
     0.6753082E+01     0.5256135E+02
     0.6763941E+01     0.5256273E+02
     0.6766183E+01     0.5256502E+02
     0.6764679E+01     0.5256799E+02
     0.6723401E+01     0.5259058E+02
     0.6722265E+01     0.5259447E+02
     0.6727451E+01     0.5261459E+02
     0.6725933E+01     0.5262053E+02
     0.6713900E+01     0.5262989E+02
     0.6724002E+01     0.5263859E+02
     0.6734879E+01     0.5263975E+02
     0.6740493E+01     0.5264501E+02
     0.6745367E+01     0.5264661E+02
     0.6755495E+01     0.5264868E+02
     0.6769381E+01     0.5264846E+02
     0.6779507E+01     0.5265235E+02
     0.6792643E+01     0.5265236E+02
     0.6803531E+01     0.5264962E+02
     0.6823798E+01     0.5264871E+02
     0.6835431E+01     0.5265168E+02
     0.6849694E+01     0.5264871E+02
     0.6864330E+01     0.5264848E+02
     0.6870336E+01     0.5265168E+02
     0.6899986E+01     0.5265144E+02
     0.6905612E+01     0.5264778E+02
     0.6911241E+01     0.5264732E+02
     0.6917239E+01     0.5264206E+02
     0.6934119E+01     0.5263885E+02
     0.6936824E+01     0.5263892E+02
     0.6951380E+01     0.5263929E+02
     0.6964520E+01     0.5264248E+02
     0.6988915E+01     0.5264428E+02
     0.7002422E+01     0.5264335E+02
     0.7012535E+01     0.5263808E+02
     0.7034282E+01     0.5263416E+02
     0.7047043E+01     0.5263551E+02
     0.7056458E+01     0.5264350E+02
     0.7062733E+01     0.5268870E+02
     0.7070054E+01     0.5274131E+02
     0.7073296E+01     0.5279023E+02
     0.7071462E+01     0.5280029E+02
     0.7075584E+01     0.5281382E+02
     0.7076054E+01     0.5281536E+02
     0.7094264E+01     0.5283956E+02
     0.7089423E+01     0.5285077E+02
     0.7115944E+01     0.5287334E+02
     0.7165218E+01     0.5292334E+02
     0.7185874E+01     0.5294425E+02
     0.7210863E+01     0.5299835E+02
     0.7216590E+01     0.5300496E+02
     0.7209929E+01     0.5304240E+02
     0.7202089E+01     0.5308638E+02
     0.7204514E+01     0.5310557E+02
     0.7202677E+01     0.5311312E+02
END
END
